121, 904, 592, 816, 1084
122, 977, 259, 1008, 735
123, 1113, 539, 1107, 716
124, 889, 969, 1099, 215
125, 1001, 736, 1126, 507
126, 242, 827, 998, 830
127, 560, 750, 212, 557
128, 1108, 755, 1058, 460
129, 1222, 957, 496, 485
130, 1155, 520, 1061, 754
131, 795, 277, 167, 168
132, 537, 536, 196, 214
133, 795, 168, 169, 781
134, 637, 198, 199, 632
135, 950, 534, 14, 179
136, 1114, 595, 10, 224
137, 734, 954, 272, 860
138, 213, 846, 1068, 759
139, 1044, 736, 1001, 643
140, 997, 836, 1074, 451
141, 726, 939, 600, 1035
142, 1142, 906, 988, 690
143, 750, 540, 207, 212
144, 569, 209, 186, 568
145, 597, 210, 180, 567
146, 1085, 91, 92, 1067
147, 771, 1134, 1082, 666
148, 696, 966, 217, 1122
149, 753, 634, 20, 235
150, 975, 1077, 514, 620
151, 782, 1052, 56, 57
152, 176, 572, 1081, 234
153, 784, 1022, 427, 1142
154, 637, 1024, 197, 198
155, 970, 659, 1009, 761
156, 241, 1040, 731, 1141
157, 777, 694, 226, 566
158, 719, 1075, 508, 796
159, 1111, 510, 1161, 778
160, 799, 90, 91, 1085
161, 1047, 841, 1109, 705
162, 1133, 953, 1191, 549
163, 1049, 998, 827, 256
164, 68, 1055, 742, 1088
165, 730, 972, 261, 1020
166, 728, 1090, 109, 989
167, 1126, 1104, 642, 964
168, 721, 641, 182, 269
169, 1042, 753, 1190, 523
170, 1063, 382, 1070, 886
171, 23, 200, 1107, 539
172, 1093, 1058, 755, 695
173, 12, 170, 1104, 538
174, 804, 391, 384, 814
175, 617, 779, 565, 1118
176, 728, 770, 1237, 1090
177, 1026, 975, 620, 1045
178, 704, 589, 162, 273
179, 691, 590, 204, 274
180, 631, 1019, 796, 1054
181, 1034, 872, 1119, 530
182, 1221, 52, 53, 800
183, 648, 882, 215, 1099
184, 1179, 32, 33, 802
185, 269, 584, 771, 721
186, 1016, 837, 1186, 864
187, 174, 265, 970, 575
188, 232, 1072, 1172, 794
189, 774, 900, 244, 1166
190, 820, 1079, 1230, 238
191, 719, 1106, 687, 1075
192, 551, 874, 818, 757
193, 685, 684, 143, 144
194, 700, 1079, 1163, 723
195, 252, 1088, 742, 732
196, 191, 576, 801, 673
197, 551, 757, 756, 1184
198, 726, 1035, 753, 235
199, 188, 1118, 565, 19
200, 891, 1043, 1176, 216
201, 954, 974, 1011, 272
202, 659, 970, 265, 582
203, 719, 701, 5, 141
204, 409, 703, 1081, 893
205, 648, 650, 881, 882
206, 1098, 440, 1178, 838
207, 537, 612, 1089, 1214
208, 616, 1025, 738, 1046
209, 785, 783, 880, 223
210, 850, 841, 1047, 630
211, 797, 798, 922, 354
212, 123, 869, 1171, 122
213, 1073, 768, 1198, 935
214, 1222, 984, 1181, 877
215, 391, 803, 1036, 715
216, 705, 1109, 1207, 706
217, 1094, 231, 679, 1205
218, 245, 1092, 735, 1008
219, 1039, 845, 1159, 656
220, 659, 1049, 256, 1009
221, 628, 1031, 230, 947
222, 8, 156, 1189, 751
223, 172, 1144, 577, 171
224, 202, 1145, 579, 201
225, 184, 1146, 583, 183
226, 190, 1147, 585, 189
227, 1111, 778, 566, 779
228, 147, 148, 1194, 678
229, 624, 898, 246, 787
230, 850, 990, 1233, 852
231, 157, 158, 1196, 680
232, 618, 846, 1083, 635
233, 377, 816, 592, 875
234, 1086, 765, 1151, 387
235, 768, 379, 1089, 766
236, 244, 41, 42, 853
237, 291, 922, 501, 289
238, 153, 940, 1208, 222
239, 217, 995, 664, 1122
240, 1180, 375, 1021, 760
241, 1095, 798, 1101, 636
242, 686, 743, 1180, 760
243, 719, 141, 142, 1106
244, 1003, 514, 1077, 776
245, 273, 599, 1027, 704
246, 765, 1086, 1152, 786
247, 711, 894, 216, 1176
248, 1215, 1020, 1102, 640
249, 155, 1028, 1182, 154
250, 535, 612, 537, 214
251, 149, 150, 1213, 697
252, 992, 723, 1163, 822
253, 649, 1030, 457, 832
254, 6, 151, 1216, 702
255, 711, 713, 981, 894
256, 397, 619, 820, 819
257, 992, 822, 848, 849
258, 971, 645, 1119, 873
259, 246, 898, 1228, 855
260, 354, 959, 862, 797
261, 1137, 512, 317, 930
262, 833, 452, 1074, 834
263, 598, 874, 551, 958
264, 1048, 810, 1195, 910
265, 853, 42, 43, 851
266, 795, 781, 1199, 596
267, 686, 684, 685, 743
268, 895, 999, 863, 1051
269, 994, 786, 1152, 392
270, 478, 476, 522, 938
271, 617, 740, 1111, 779
272, 583, 790, 56, 1052
273, 814, 815, 1127, 804
274, 811, 577, 1144, 788
275, 812, 579, 1145, 789
276, 95, 813, 580, 812
277, 820, 238, 701, 1019
278, 409, 893, 1140, 411
279, 296, 294, 313, 920
280, 817, 585, 1147, 791
281, 1070, 497, 1231, 886
282, 260, 855, 1228, 1082
283, 332, 528, 797, 862
284, 511, 858, 868, 870
285, 252, 625, 1209, 903
286, 1007, 838, 452, 833
287, 245, 99, 100, 878
288, 931, 501, 1095, 1114
289, 815, 772, 1160, 251
290, 799, 1013, 89, 90
291, 833, 573, 952, 1007
292, 823, 88, 89, 264
293, 1032, 917, 1212, 951
294, 853, 854, 1166, 244
295, 1221, 761, 51, 52
296, 784, 785, 1156, 525
297, 726, 1120, 516, 939
298, 558, 880, 783, 588
299, 518, 398, 400, 821
300, 819, 394, 396, 397
301, 403, 848, 822, 821
302, 1157, 775, 1166, 854
303, 537, 1214, 979, 707
304, 861, 824, 999, 406
305, 518, 397, 396, 398
306, 542, 1184, 756, 1132
307, 356, 358, 361, 865
308, 377, 383, 715, 816
309, 276, 867, 119, 120
310, 405, 487, 849, 848
311, 441, 899, 448, 443
312, 295, 959, 354, 293
313, 1003, 484, 490, 514
314, 1105, 512, 1137, 777
315, 848, 403, 404, 405
316, 533, 528, 332, 386
317, 253, 125, 126, 887
318, 1113, 716, 602, 693
319, 566, 778, 1105, 777
320, 222, 741, 776, 688
321, 828, 107, 108, 257
322, 955, 38, 39, 258
323, 895, 407, 405, 404
324, 448, 845, 492, 455
325, 858, 867, 276, 868
326, 302, 844, 374, 303
327, 860, 86, 87, 250
328, 859, 28, 29, 251
329, 250, 87, 88, 823
330, 394, 819, 631, 372
331, 788, 36, 37, 811
332, 789, 94, 95, 812
333, 791, 114, 115, 817
334, 1115, 229, 1080, 792
335, 1007, 952, 1203, 454
336, 116, 117, 856, 261
337, 819, 820, 1019, 631
338, 851, 43, 44, 248
339, 876, 101, 102, 249
340, 840, 45, 46, 254
341, 842, 103, 104, 255
342, 827, 242, 47, 48
343, 843, 105, 106, 243
344, 900, 40, 41, 244
345, 402, 403, 821, 400
346, 881, 232, 69, 70
347, 883, 127, 128, 233
348, 890, 133, 134, 230
349, 862, 301, 310, 332
350, 215, 882, 71, 72
351, 891, 132, 133, 890
352, 818, 874, 598, 762
353, 256, 827, 48, 49
354, 243, 106, 107, 828
355, 981, 129, 130, 894
356, 889, 215, 72, 73
357, 894, 130, 131, 216
358, 229, 888, 74, 75
359, 475, 477, 480, 948
360, 529, 772, 815, 814
361, 407, 408, 487, 405
362, 964, 642, 724, 1078
363, 896, 408, 409, 410
364, 101, 876, 878, 100
365, 271, 27, 28, 859
366, 272, 85, 86, 860
367, 920, 313, 1112, 780
368, 49, 50, 1009, 256
369, 248, 44, 45, 840
370, 249, 102, 103, 842
371, 255, 104, 105, 843
372, 403, 402, 406, 404
373, 901, 974, 1232, 262
374, 533, 633, 797, 528
375, 408, 407, 703, 409
376, 407, 895, 1051, 703
377, 780, 844, 302, 920
378, 216, 131, 132, 891
379, 888, 889, 73, 74
380, 1023, 770, 1218, 524
381, 882, 881, 70, 71
382, 552, 562, 708, 561
383, 715, 383, 384, 391
384, 241, 137, 138, 871
385, 1042, 523, 500, 524
386, 933, 986, 505, 733
387, 409, 411, 412, 410
388, 855, 60, 61, 246
389, 867, 247, 118, 119
390, 386, 332, 310, 333
391, 260, 59, 60, 855
392, 247, 856, 117, 118
393, 1121, 870, 1117, 253
394, 493, 439, 437, 917
395, 478, 938, 693, 495
396, 127, 883, 887, 126
397, 871, 138, 139, 873
398, 783, 689, 660, 588
399, 689, 783, 785, 784
400, 887, 885, 1121, 253
401, 80, 81, 901, 262
402, 448, 899, 1159, 845
403, 903, 66, 67, 252
404, 374, 311, 304, 303
405, 410, 412, 909, 488
406, 209, 569, 747, 570
407, 1142, 427, 423, 906
408, 413, 414, 909, 412
409, 905, 419, 418, 417
410, 547, 545, 1016, 864
411, 413, 415, 416, 414
412, 415, 417, 418, 416
413, 246, 61, 62, 897
414, 432, 420, 419, 431
415, 423, 421, 420, 906
416, 597, 615, 950, 210
417, 420, 421, 418, 419
418, 424, 423, 427, 425
419, 525, 466, 429, 428
420, 958, 555, 594, 598
421, 909, 414, 416, 422
422, 425, 428, 429, 426
423, 498, 467, 429, 466
424, 688, 152, 153, 222
425, 995, 217, 145, 7
426, 418, 914, 422, 416
427, 324, 336, 342, 341
428, 470, 513, 668, 564
429, 142, 143, 684, 221
430, 314, 321, 729, 379
431, 752, 218, 8, 751
432, 258, 39, 40, 900
433, 286, 285, 306, 305
434, 599, 804, 1127, 1027
435, 425, 426, 430, 424
436, 913, 322, 323, 324
437, 419, 905, 618, 431
438, 469, 468, 429, 467
439, 10, 167, 277, 224
440, 1100, 195, 196, 536
441, 919, 282, 281, 280
442, 282, 911, 306, 285
443, 1100, 692, 194, 195
444, 342, 336, 344, 343
445, 692, 235, 20, 194
446, 146, 147, 678, 231
447, 285, 283, 281, 282
448, 808, 468, 469, 470
449, 418, 421, 918, 914
450, 662, 663, 921, 654
451, 1165, 806, 807, 809
452, 314, 315, 322, 321
453, 508, 365, 366, 367
454, 729, 321, 322, 913
455, 590, 1085, 1067, 677
456, 327, 326, 284, 279
457, 278, 279, 284, 280
458, 652, 653, 654, 325
459, 329, 328, 326, 327
460, 315, 325, 323, 322
461, 653, 655, 662, 654
462, 280, 284, 504, 919
463, 324, 335, 916, 336
464, 314, 306, 925, 315
465, 178, 14, 534, 213
466, 423, 424, 918, 421
467, 284, 326, 923, 504
468, 324, 323, 921, 335
469, 323, 325, 654, 921
470, 431, 618, 635, 433
471, 370, 923, 326, 328
472, 652, 325, 315, 925
473, 306, 911, 927, 925
474, 386, 592, 1162, 533
475, 663, 926, 335, 921
476, 282, 919, 927, 911
477, 950, 179, 180, 210
478, 718, 165, 166, 211
479, 196, 17, 535, 214
480, 826, 363, 364, 365
481, 328, 330, 928, 370
482, 213, 746, 177, 178
483, 664, 665, 926, 663
484, 211, 166, 10, 595
485, 925, 927, 929, 652
486, 876, 249, 943, 957
487, 157, 680, 681, 682
488, 919, 504, 929, 927
489, 99, 245, 1008, 98
490, 907, 710, 709, 611
491, 763, 570, 747, 748
492, 746, 572, 176, 177
493, 400, 398, 396, 399
494, 653, 934, 937, 655
495, 207, 208, 556, 212
496, 920, 302, 298, 296
497, 652, 929, 934, 653
498, 317, 311, 374, 930
499, 504, 923, 934, 929
500, 923, 370, 937, 934
501, 879, 878, 876, 877
502, 285, 286, 287, 283
503, 308, 944, 292, 290
504, 344, 336, 916, 924
505, 693, 602, 601, 495
506, 588, 587, 559, 558
507, 335, 926, 932, 916
508, 517, 361, 362, 363
509, 686, 1057, 1174, 687
510, 135, 947, 230, 134
511, 392, 1050, 679, 994
512, 431, 433, 434, 432
513, 512, 319, 318, 317
514, 501, 931, 283, 287
515, 558, 557, 212, 556
516, 1183, 632, 722, 829
517, 470, 469, 472, 471
518, 864, 552, 550, 547
519, 467, 912, 472, 469
520, 402, 400, 399, 401
521, 470, 471, 941, 513
522, 287, 286, 935, 288
523, 328, 329, 331, 330
524, 294, 292, 944, 313
525, 850, 852, 853, 851
526, 482, 563, 948, 480
527, 719, 796, 1019, 701
528, 841, 850, 851, 248
529, 857, 247, 867, 858
530, 475, 948, 1061, 520
531, 383, 377, 338, 378
532, 199, 237, 722, 632
533, 342, 343, 939, 516
534, 514, 490, 866, 620
535, 1085, 590, 691, 799
536, 501, 287, 288, 289
537, 1201, 764, 1112, 945
538, 884, 885, 887, 883
539, 825, 861, 401, 614
540, 922, 291, 293, 354
541, 231, 678, 994, 679
542, 246, 897, 1018, 787
543, 308, 290, 289, 288
544, 959, 295, 297, 299
545, 871, 873, 1119, 872
546, 483, 484, 1003, 482
547, 437, 436, 435, 434
548, 448, 455, 456, 449
549, 228, 206, 207, 540
550, 327, 915, 355, 329
551, 227, 164, 165, 718
552, 443, 448, 449, 446
553, 762, 598, 594, 734
554, 226, 568, 186, 187
555, 738, 843, 243, 1046
556, 225, 567, 180, 181
557, 324, 341, 979, 913
558, 621, 1096, 758, 1115
559, 343, 344, 346, 345
560, 794, 733, 732, 742
561, 866, 490, 485, 496
562, 311, 317, 318, 312
563, 472, 473, 941, 471
564, 714, 713, 711, 712
565, 1132, 24, 206, 228
566, 1143, 225, 181, 16
567, 396, 394, 393, 395
568, 372, 631, 1054, 369
569, 651, 650, 648, 649
570, 394, 372, 371, 393
571, 1179, 1005, 31, 32
572, 608, 611, 709, 610
573, 289, 290, 292, 291
574, 372, 369, 368, 371
575, 490, 484, 483, 485
576, 455, 458, 459, 456
577, 527, 956, 417, 415
578, 480, 481, 483, 482
579, 983, 349, 351, 353
580, 561, 553, 550, 552
581, 199, 23, 539, 237
582, 301, 862, 959, 299
583, 434, 435, 988, 432
584, 821, 822, 1163, 518
585, 558, 559, 560, 557
586, 169, 12, 538, 236
587, 159, 700, 723, 219
588, 433, 946, 437, 434
589, 439, 438, 436, 437
590, 796, 508, 367, 1054
591, 343, 345, 600, 939
592, 1135, 193, 20, 634
593, 329, 355, 356, 331
594, 477, 479, 481, 480
595, 733, 505, 623, 732
596, 149, 697, 698, 220
597, 793, 949, 960, 622
598, 523, 353, 499, 500
599, 787, 625, 623, 624
600, 299, 300, 309, 301
601, 515, 390, 389, 388
602, 513, 669, 1182, 668
603, 806, 752, 961, 807
604, 758, 503, 502, 605
605, 493, 441, 440, 439
606, 316, 1071, 712, 1053
607, 294, 293, 291, 292
608, 825, 614, 830, 998
609, 754, 1061, 1202, 741
610, 377, 875, 337, 338
611, 213, 534, 1083, 846
612, 359, 507, 531, 381
613, 160, 5, 701, 238
614, 358, 360, 362, 361
615, 684, 686, 687, 221
616, 333, 875, 592, 386
617, 520, 473, 474, 475
618, 814, 384, 385, 529
619, 847, 828, 257, 1012
620, 302, 303, 307, 298
621, 511, 1167, 857, 858
622, 560, 559, 952, 573
623, 547, 550, 554, 548
624, 647, 646, 502, 491
625, 470, 564, 1238, 808
626, 936, 491, 463, 453
627, 1165, 808, 1238, 806
628, 311, 312, 316, 304
629, 1143, 16, 182, 641
630, 555, 571, 745, 594
631, 139, 902, 971, 873
632, 460, 461, 489, 459
633, 129, 981, 233, 128
634, 833, 574, 560, 573
635, 648, 647, 1030, 649
636, 644, 529, 385, 530
637, 624, 623, 505, 486
638, 296, 295, 293, 294
639, 965, 450, 453, 463
640, 835, 574, 833, 834
641, 548, 554, 571, 555
642, 298, 297, 295, 296
643, 548, 546, 545, 547
644, 503, 463, 491, 502
645, 441, 443, 444, 442
646, 333, 334, 337, 875
647, 401, 861, 406, 402
648, 608, 610, 638, 609
649, 907, 611, 608, 1002
650, 248, 840, 1109, 841
651, 383, 378, 385, 384
652, 1135, 266, 192, 193
653, 387, 388, 389, 352
654, 600, 345, 346, 347
655, 333, 310, 968, 334
656, 399, 396, 395, 980
657, 811, 37, 38, 955
658, 301, 309, 968, 310
659, 465, 464, 461, 462
660, 509, 373, 339, 340
661, 174, 175, 581, 265
662, 1132, 603, 205, 24
663, 706, 395, 393, 705
664, 337, 334, 968, 376
665, 766, 613, 1201, 767
666, 883, 233, 1097, 884
667, 906, 420, 432, 988
668, 1222, 485, 483, 984
669, 355, 357, 358, 356
670, 661, 526, 389, 390
671, 784, 525, 428, 1022
672, 739, 737, 526, 661
673, 6, 702, 975, 239
674, 603, 274, 204, 205
675, 365, 364, 506, 366
676, 521, 666, 667, 519
677, 1024, 637, 908, 1156
678, 474, 476, 477, 475
679, 187, 19, 565, 226
680, 251, 29, 30, 1033
681, 750, 560, 574, 953
682, 674, 1130, 788, 1144
683, 675, 1131, 789, 1145
684, 628, 947, 1141, 731
685, 583, 1146, 1128, 790
686, 671, 1129, 791, 1147
687, 595, 636, 1101, 211
688, 983, 347, 348, 349
689, 734, 594, 745, 954
690, 261, 972, 115, 116
691, 765, 786, 994, 699
692, 544, 546, 958, 551
693, 348, 350, 351, 349
694, 468, 993, 426, 429
695, 752, 805, 1028, 218
696, 1037, 1053, 710, 907
697, 616, 593, 500, 499
698, 614, 401, 399, 980
699, 479, 477, 476, 478
700, 756, 757, 769, 604
701, 495, 494, 479, 478
702, 404, 406, 999, 895
703, 553, 960, 554, 550
704, 555, 958, 546, 548
705, 898, 624, 486, 991
706, 628, 629, 976, 380
707, 546, 544, 543, 545
708, 357, 359, 360, 358
709, 495, 601, 639, 494
710, 1046, 847, 593, 616
711, 443, 446, 963, 444
712, 381, 531, 773, 532
713, 445, 444, 963, 447
714, 231, 995, 7, 146
715, 861, 825, 658, 824
716, 307, 967, 297, 298
717, 621, 622, 960, 553
718, 450, 447, 963, 453
719, 307, 1002, 606, 967
720, 606, 607, 968, 309
721, 62, 275, 1018, 897
722, 465, 519, 667, 991
723, 330, 331, 1021, 375
724, 486, 505, 986, 464
725, 299, 297, 967, 300
726, 541, 543, 544, 542
727, 309, 300, 967, 606
728, 445, 447, 1074, 452
729, 509, 511, 973, 373
730, 1203, 660, 1150, 942
731, 813, 95, 96, 1187
732, 1217, 989, 109, 110
733, 162, 163, 591, 273
734, 461, 460, 1058, 462
735, 376, 380, 976, 337
736, 453, 963, 1000, 936
737, 824, 658, 582, 657
738, 716, 717, 977, 602
739, 596, 1241, 277, 795
740, 249, 842, 1059, 943
741, 672, 173, 174, 575
742, 266, 576, 191, 192
743, 738, 1158, 255, 843
744, 391, 804, 599, 803
745, 676, 161, 162, 589
746, 677, 203, 204, 590
747, 464, 465, 991, 486
748, 350, 352, 985, 351
749, 30, 31, 1005, 263
750, 657, 582, 265, 581
751, 856, 1102, 1020, 261
752, 844, 780, 748, 1029
753, 602, 977, 735, 601
754, 338, 987, 385, 378
755, 226, 565, 779, 566
756, 456, 457, 1000, 449
757, 511, 870, 1121, 973
758, 871, 872, 1040, 241
759, 876, 957, 1222, 877
760, 367, 366, 990, 368
761, 337, 976, 987, 338
762, 489, 461, 464, 986
763, 242, 831, 46, 47
764, 352, 350, 1086, 387
765, 481, 479, 494, 978
766, 1002, 307, 1037, 907
767, 341, 1060, 707, 979
768, 27, 271, 1010, 26
769, 85, 272, 1011, 84
770, 66, 903, 1015, 65
771, 670, 13, 173, 672
772, 671, 18, 191, 673
773, 674, 9, 161, 676
774, 675, 22, 203, 677
775, 417, 956, 1068, 905
776, 552, 864, 1186, 562
777, 1154, 725, 1175, 896
778, 376, 968, 607, 1006
779, 538, 736, 1044, 236
780, 359, 381, 982, 360
781, 509, 340, 1161, 510
782, 824, 657, 863, 999
783, 916, 932, 1050, 924
784, 775, 982, 381, 532
785, 457, 1030, 936, 1000
786, 850, 630, 368, 990
787, 963, 446, 449, 1000
788, 740, 617, 586, 730
789, 1115, 1153, 888, 229
790, 353, 351, 985, 499
791, 200, 201, 579, 268
792, 182, 183, 583, 269
793, 137, 241, 1141, 136
794, 838, 1178, 445, 452
795, 768, 1073, 314, 379
796, 507, 359, 357, 1001
797, 259, 97, 98, 1008
798, 607, 606, 1002, 608
799, 892, 893, 1081, 572
800, 355, 643, 1001, 357
801, 803, 599, 273, 591
802, 483, 481, 978, 984
803, 380, 376, 1006, 627
804, 352, 389, 1025, 985
805, 286, 305, 1073, 935
806, 761, 1009, 50, 51
807, 459, 458, 1108, 460
808, 960, 1014, 571, 554
809, 1235, 759, 1068, 956
810, 1053, 1037, 304, 316
811, 361, 517, 1244, 865
812, 608, 609, 1006, 607
813, 1062, 1093, 695, 1143
814, 884, 886, 1231, 885
815, 427, 1022, 428, 425
816, 612, 535, 1245, 613
817, 872, 1034, 629, 1040
818, 766, 767, 1198, 768
819, 531, 507, 1126, 964
820, 828, 847, 1046, 243
821, 171, 577, 578, 267
822, 812, 580, 268, 579
823, 21, 197, 1024, 223
824, 363, 362, 1017, 364
825, 1251, 943, 1059, 739
826, 252, 732, 623, 625
827, 1201, 945, 1198, 767
828, 347, 983, 1190, 600
829, 1052, 584, 269, 583
830, 189, 585, 586, 270
831, 115, 972, 1220, 817
832, 125, 253, 1117, 124
833, 224, 1249, 931, 1114
834, 15, 1236, 581, 175
835, 436, 454, 1203, 942
836, 1167, 640, 1102, 857
837, 232, 794, 742, 1055
838, 545, 543, 549, 1016
839, 360, 982, 1017, 362
840, 499, 985, 1025, 616
841, 8, 218, 1028, 155
842, 793, 77, 78, 1193
843, 865, 1021, 331, 356
844, 639, 1092, 879, 1138
845, 373, 497, 1070, 339
846, 655, 696, 1122, 662
847, 932, 1205, 679, 1050
848, 415, 413, 1140, 527
849, 832, 457, 456, 1056
850, 476, 474, 1173, 522
851, 368, 630, 1047, 371
852, 435, 1150, 690, 988
853, 878, 879, 1092, 245
854, 627, 1006, 609, 1041
855, 950, 615, 1032, 951
856, 553, 561, 1096, 621
857, 140, 1, 25, 1168
858, 82, 3, 83, 1169
859, 491, 936, 1030, 647
860, 593, 1023, 524, 500
861, 240, 79, 80, 1038
862, 953, 1133, 540, 750
863, 228, 540, 1133, 541
864, 380, 627, 1031, 628
865, 615, 597, 1039, 656
866, 63, 2, 64, 1170
867, 121, 4, 122, 1171
868, 327, 279, 1241, 596
869, 574, 835, 1191, 953
870, 277, 278, 1249, 224
871, 157, 682, 1189, 156
872, 278, 277, 1241, 279
873, 149, 220, 1194, 148
874, 738, 1025, 389, 526
875, 307, 303, 304, 1037
876, 373, 973, 1231, 497
877, 169, 236, 1044, 781
878, 283, 931, 1249, 281
879, 410, 488, 1154, 896
880, 588, 660, 1203, 587
881, 847, 1012, 1023, 593
882, 288, 935, 1198, 308
883, 318, 319, 1070, 382
884, 752, 751, 1189, 961
885, 159, 219, 1196, 158
886, 628, 731, 1040, 629
887, 868, 276, 1171, 869
888, 436, 438, 1098, 454
889, 344, 392, 1152, 346
890, 11, 1246, 591, 163
891, 835, 834, 1074, 836
892, 226, 694, 1136, 568
893, 370, 928, 1210, 937
894, 668, 805, 1238, 564
895, 1252, 1173, 472, 912
896, 910, 909, 422, 1048
897, 213, 759, 1235, 746
898, 441, 442, 1178, 440
899, 1018, 1015, 903, 1209
900, 385, 987, 1034, 530
901, 793, 1080, 76, 77
902, 797, 633, 1101, 798
903, 80, 262, 1232, 1038
904, 741, 222, 1208, 754
905, 235, 692, 1120, 726
906, 225, 626, 1148, 567
907, 644, 530, 1119, 645
908, 629, 1034, 987, 976
909, 68, 69, 232, 1055
910, 408, 896, 1175, 487
911, 465, 462, 1058, 519
912, 705, 393, 371, 1047
913, 711, 710, 1053, 712
914, 368, 369, 1054, 367
915, 344, 924, 1050, 392
916, 681, 680, 1196, 683
917, 152, 688, 1216, 151
918, 75, 76, 1080, 229
919, 681, 683, 1175, 725
920, 678, 1194, 699, 994
921, 582, 658, 1049, 659
922, 171, 267, 1104, 170
923, 842, 255, 1158, 1059
924, 355, 915, 1199, 643
925, 502, 646, 1099, 969
926, 998, 1049, 658, 825
927, 55, 1128, 1064, 54
928, 113, 1129, 1065, 112
929, 35, 1130, 1066, 34
930, 93, 1131, 1067, 92
931, 704, 1179, 802, 589
932, 1063, 1097, 713, 714
933, 938, 1192, 1113, 693
934, 1097, 1063, 886, 884
935, 807, 961, 1195, 810
936, 21, 1240, 556, 208
937, 231, 1094, 664, 995
938, 186, 209, 1250, 185
939, 914, 918, 1223, 1123
940, 1223, 430, 1165, 809
941, 473, 520, 1155, 941
942, 966, 1204, 145, 217
943, 437, 946, 1212, 917
944, 365, 508, 1075, 826
945, 489, 1056, 456, 459
946, 846, 618, 905, 1068
947, 954, 745, 1232, 974
948, 697, 720, 1151, 698
949, 6, 239, 1213, 150
950, 650, 1072, 232, 881
951, 880, 1240, 21, 223
952, 586, 617, 1118, 270
953, 1189, 682, 1195, 961
954, 771, 584, 1052, 782
955, 516, 1060, 341, 342
956, 649, 832, 1125, 651
957, 849, 683, 1196, 992
958, 242, 830, 1197, 831
959, 793, 1193, 240, 949
960, 185, 1250, 535, 17
961, 717, 716, 1107, 1087
962, 603, 604, 1185, 274
963, 1197, 706, 1207, 831
964, 844, 1029, 1200, 374
965, 837, 836, 997, 1186
966, 661, 390, 515, 1069
967, 466, 525, 1156, 908
968, 450, 451, 1074, 447
969, 695, 755, 1076, 626
970, 570, 996, 1250, 209
971, 712, 1071, 1206, 714
972, 306, 314, 1073, 305
973, 685, 144, 145, 1204
974, 527, 1140, 893, 892
975, 1051, 863, 1236, 234
976, 320, 339, 1070, 319
977, 316, 312, 318, 1071
978, 1058, 1093, 521, 519
979, 730, 1020, 1215, 740
980, 1084, 1036, 1246, 227
981, 613, 766, 1089, 612
982, 577, 811, 1219, 578
983, 748, 780, 1112, 764
984, 734, 860, 250, 1239
985, 651, 1125, 933, 1172
986, 718, 904, 1084, 227
987, 388, 1004, 1124, 515
988, 363, 826, 1174, 517
989, 109, 1090, 257, 108
990, 503, 758, 1096, 1188
991, 537, 707, 1100, 536
992, 395, 706, 1197, 980
993, 585, 817, 1220, 586
994, 366, 506, 1233, 990
995, 36, 788, 1130, 35
996, 94, 789, 1131, 93
997, 56, 790, 1128, 55
998, 114, 791, 1129, 113
999, 532, 774, 1166, 775
1000, 580, 813, 1187, 717
1001, 549, 1191, 837, 1016
1002, 614, 980, 1197, 830
1003, 622, 792, 1080, 793
1004, 948, 563, 1202, 1061
1005, 1252, 498, 1183, 829
1006, 424, 430, 1223, 918
1007, 951, 1083, 534, 950
1008, 176, 234, 1236, 15
1009, 489, 1125, 832, 1056
1010, 971, 1010, 271, 1229
1011, 687, 1174, 826, 1075
1012, 247, 857, 1102, 856
1013, 1231, 973, 1121, 885
1014, 633, 533, 1162, 962
1015, 798, 1095, 501, 922
1016, 620, 866, 1069, 1045
1017, 1069, 515, 1124, 1045
1018, 823, 1177, 1239, 250
1019, 68, 1088, 252, 67
1020, 318, 382, 1206, 1071
1021, 816, 715, 1036, 1084
1022, 610, 709, 1176, 1043
1023, 494, 639, 1138, 978
1024, 1210, 928, 1180, 744
1025, 820, 619, 1163, 1079
1026, 773, 531, 964, 1078
1027, 1232, 1014, 1226, 1038
1028, 748, 747, 1200, 1029
1029, 388, 387, 1151, 1004
1030, 578, 642, 1104, 267
1031, 153, 154, 1182, 940
1032, 59, 260, 1211, 58
1033, 1151, 720, 1124, 1004
1034, 771, 1164, 1062, 721
1035, 439, 440, 1098, 438
1036, 164, 227, 1246, 11
1037, 697, 1213, 1026, 720
1038, 749, 930, 374, 1200
1039, 868, 869, 1117, 870
1040, 782, 57, 58, 1211
1041, 689, 690, 1150, 660
1042, 350, 348, 1152, 1086
1043, 589, 802, 1227, 676
1044, 455, 492, 1108, 458
1045, 647, 648, 1099, 646
1046, 986, 933, 1125, 489
1047, 687, 1106, 142, 221
1048, 330, 375, 1180, 928
1049, 512, 1105, 320, 319
1050, 717, 1087, 268, 580
1051, 840, 254, 1207, 1109
1052, 661, 1103, 1251, 739
1053, 752, 806, 1238, 805
1054, 600, 1190, 753, 1035
1055, 869, 123, 124, 1117
1056, 713, 1097, 233, 981
1057, 601, 735, 1092, 639
1058, 728, 727, 1218, 770
1059, 572, 746, 1235, 892
1060, 663, 662, 1122, 664
1061, 543, 541, 1133, 549
1062, 1048, 422, 914, 1123
1063, 945, 1112, 313, 944
1064, 956, 527, 892, 1235
1065, 397, 518, 1163, 619
1066, 739, 1059, 1158, 737
1067, 811, 955, 724, 1219
1068, 441, 493, 1159, 899
1069, 604, 603, 1132, 756
1070, 969, 889, 888, 1153
1071, 778, 1161, 320, 1105
1072, 696, 1210, 744, 966
1073, 1164, 521, 1093, 1062
1074, 622, 621, 1115, 792
1075, 1038, 1226, 949, 240
1076, 467, 498, 1252, 912
1077, 251, 1160, 1091, 859
1078, 237, 539, 1113, 1192
1079, 211, 1101, 633, 962
1080, 626, 225, 1143, 695
1081, 1173, 839, 1243, 522
1082, 853, 852, 1233, 854
1083, 645, 1091, 1160, 644
1084, 643, 1199, 781, 1044
1085, 412, 411, 1140, 413
1086, 845, 1039, 1076, 492
1087, 947, 135, 136, 1141
1088, 784, 1142, 690, 689
1089, 769, 1149, 264, 1139
1090, 97, 259, 1187, 96
1091, 251, 1033, 1127, 815
1092, 26, 1010, 1168, 25
1093, 84, 1011, 1169, 83
1094, 65, 1015, 1170, 64
1095, 541, 542, 1132, 228
1096, 466, 908, 1183, 498
1097, 661, 1069, 866, 1103
1098, 703, 1051, 234, 1081
1099, 909, 910, 1154, 488
1100, 683, 849, 487, 1175
1101, 436, 942, 1150, 435
1102, 592, 904, 718, 1162
1103, 568, 1136, 749, 569
1104, 771, 666, 521, 1164
1105, 951, 1212, 635, 1083
1106, 605, 1153, 1115, 758
1107, 672, 800, 53, 1224
1108, 110, 111, 1225, 801
1109, 30, 263, 1127, 1033
1110, 259, 977, 717, 1187
1111, 938, 522, 1243, 1192
1112, 609, 638, 1116, 1041
1113, 509, 510, 1215, 640
1114, 347, 346, 1152, 348
1115, 34, 1227, 802, 33
1116, 632, 1183, 908, 637
1117, 991, 667, 1228, 898
1118, 426, 993, 1165, 430
1119, 79, 240, 1193, 78
1120, 189, 270, 1118, 188
1121, 1104, 1126, 736, 538
1122, 382, 1063, 714, 1206
1123, 454, 1098, 838, 1007
1124, 81, 82, 1169, 901
1125, 139, 140, 1168, 902
1126, 513, 941, 1155, 669
1127, 339, 320, 1161, 340
1128, 728, 989, 1217, 727
1129, 444, 445, 1178, 442
1130, 62, 63, 1170, 275
1131, 120, 121, 1171, 276
1132, 890, 230, 1031, 1116
1133, 266, 727, 1217, 576
1134, 529, 644, 1160, 772
1135, 532, 773, 1242, 774
1136, 657, 581, 1236, 863
1137, 685, 744, 1180, 743
1138, 502, 969, 1153, 605
1139, 699, 698, 1151, 765
1140, 960, 949, 1226, 1014
1141, 698, 699, 1194, 220
1142, 638, 1248, 890, 1116
1143, 110, 801, 576, 1217
1144, 1048, 1123, 1223, 810
1145, 473, 472, 1173, 474
1146, 836, 837, 1191, 835
1147, 672, 575, 1221, 800
1148, 748, 764, 1201, 763
1149, 1245, 535, 1250, 996
1150, 944, 308, 1198, 945
1151, 542, 544, 551, 1184
1152, 774, 1242, 258, 900
1153, 1182, 669, 1208, 940
1154, 640, 1167, 511, 509
1155, 943, 1251, 496, 957
1156, 733, 794, 1172, 933
1157, 558, 556, 1240, 880
1158, 757, 818, 1149, 769
1159, 327, 596, 1199, 915
1160, 526, 737, 1158, 738
1161, 211, 962, 1162, 718
1162, 627, 1041, 1116, 1031
1163, 1027, 1005, 1179, 704
1164, 655, 937, 1210, 696
1165, 926, 665, 1205, 932
1166, 710, 711, 1176, 709
1167, 930, 749, 1136, 1137
1168, 613, 1245, 763, 1201
1169, 807, 810, 1223, 809
1170, 559, 587, 1203, 952
1171, 741, 1202, 1003, 776
1172, 799, 691, 1139, 1013
1173, 280, 281, 1249, 278
1174, 468, 808, 1165, 993
1175, 974, 901, 1169, 1011
1176, 971, 902, 1168, 1010
1177, 450, 965, 1234, 451
1178, 1045, 1124, 720, 1026
1179, 433, 635, 1212, 946
1180, 1173, 1252, 829, 839
1181, 1018, 275, 1170, 1015
1182, 982, 775, 1157, 1017
1183, 670, 672, 1224, 1064
1184, 801, 1225, 1065, 673
1185, 1177, 762, 734, 1239
1186, 569, 749, 1200, 747
1187, 364, 1017, 1157, 506
1188, 264, 1149, 1177, 823
1189, 567, 1148, 1039, 597
1190, 353, 523, 1190, 983
1191, 744, 685, 1204, 966
1192, 9, 674, 1144, 172
1193, 22, 675, 1145, 202
1194, 13, 670, 1146, 184
1195, 18, 671, 1147, 190
1196, 723, 992, 1196, 219
1197, 463, 503, 1188, 965
1198, 762, 1177, 1149, 818
1199, 159, 160, 238, 1230
1200, 753, 1042, 1135, 634
1201, 708, 1234, 965, 1188
1202, 829, 722, 1243, 839
1203, 237, 1192, 1243, 722
1204, 913, 979, 1214, 729
1205, 571, 1014, 1232, 745
1206, 1146, 670, 1064, 1128
1207, 673, 1065, 1129, 671
1208, 676, 1066, 1130, 674
1209, 677, 1067, 1131, 675
1210, 610, 1043, 1248, 638
1211, 708, 562, 1186, 997
1212, 688, 776, 1077, 1216
1213, 223, 1024, 1156, 785
1214, 53, 54, 1064, 1224
1215, 111, 112, 1065, 1225
1216, 615, 656, 1159, 1032
1217, 676, 1227, 34, 1066
1218, 159, 1230, 1079, 700
1219, 761, 1221, 575, 970
1220, 89, 1013, 1139, 264
1221, 1005, 1027, 1127, 263
1222, 955, 1110, 1078, 724
1223, 770, 1023, 1012, 1237
1224, 482, 1003, 1202, 563
1225, 200, 268, 1087, 1107
1226, 755, 1108, 492, 1076
1227, 451, 1234, 708, 997
1228, 721, 1062, 1143, 641
1229, 664, 1094, 1205, 665
1230, 570, 763, 1245, 996
1231, 917, 1032, 1159, 493
1232, 972, 730, 586, 1220
1233, 642, 578, 1219, 724
1234, 595, 1114, 1095, 636
1235, 787, 1018, 1209, 625
1236, 379, 729, 1214, 1089
1237, 805, 668, 1182, 1028
1238, 1078, 1110, 1242, 773
1239, 803, 591, 1246, 1036
1240, 1090, 1237, 1012, 257
1241, 626, 1076, 1039, 1148
1242, 865, 1244, 760, 1021
1243, 975, 1026, 1213, 239
1244, 1244, 517, 1174, 1057
1245, 1195, 725, 1154, 910
1246, 650, 651, 1172, 1072
1247, 1082, 1134, 1211, 260
1248, 777, 1137, 1136, 694
1249, 955, 258, 1242, 1110
1250, 971, 1229, 1091, 645
1251, 890, 1248, 1043, 891
1252, 561, 708, 1188, 1096
1253, 681, 725, 1195, 682
1254, 666, 1082, 1228, 667
1255, 692, 1100, 1247, 1120
1256, 524, 1218, 1135, 1042
1257, 46, 831, 1207, 254
1258, 975, 702, 1216, 1077
1259, 877, 1181, 1138, 879
1260, 1060, 1247, 1100, 707
1261, 686, 760, 1244, 1057
1262, 266, 1135, 1218, 727
1263, 1060, 516, 1120, 1247
1264, 978, 1138, 1181, 984
1265, 274, 1185, 1139, 691
1266, 866, 496, 1251, 1103
1267, 859, 1091, 1229, 271
1268, 604, 769, 1139, 1185
1269, 510, 1111, 740, 1215
1270, 771, 782, 1211, 1134
1271, 669, 1155, 754, 1208
1272, 854, 1233, 506, 1157