*Heading
 /Users/mukherjee/Dropbox/Teaching/ME676/Codes/Gmsh_files/Project_mesh/mesh6n_plane
*NODE
1, -1, -0.5, 0
2, 1, -0.5, 0
3, 1, 0.5, 0
4, -1, 0.5, 0
5, -0.89473684210556, -0.5, 0
6, -0.78947368421111, -0.5, 0
7, -0.68421052631667, -0.5, 0
8, -0.57894736842222, -0.5, 0
9, -0.47368421052778, -0.5, 0
10, -0.36842105263333, -0.5, 0
11, -0.26315789473889, -0.5, 0
12, -0.15789473684444, -0.5, 0
13, -0.052631578949994, -0.5, 0
14, 0.052631578944743, -0.5, 0
15, 0.15789473683977, -0.5, 0
16, 0.2631578947348, -0.5, 0
17, 0.36842105262983, -0.5, 0
18, 0.47368421052486, -0.5, 0
19, 0.57894736841989, -0.5, 0
20, 0.68421052631491, -0.5, 0
21, 0.78947368420994, -0.5, 0
22, 0.89473684210497, -0.5, 0
23, -0.94736842105278, -0.5, 0
24, -0.84210526315834, -0.5, 0
25, -0.73684210526384, -0.5, 0
26, -0.63157894736944, -0.5, 0
27, -0.526315789475, -0.5, 0
28, -0.42105263158055, -0.5, 0
29, -0.31578947368611, -0.5, 0
30, -0.21052631579166, -0.5, 0
31, -0.10526315789722, -0.5, 0
32, -2.7718938255816e-12, -0.5, 0
33, 0.10526315789226, -0.5, 0
34, 0.21052631578729, -0.5, 0
35, 0.31578947368231, -0.5, 0
36, 0.42105263157734, -0.5, 0
37, 0.52631578947237, -0.5, 0
38, 0.6315789473674, -0.5, 0
39, 0.73684210526243, -0.5, 0
40, 0.84210526315746, -0.5, 0
41, 0.94736842105249, -0.5, 0
42, 1, -0.3888888888892, 0
43, 1, -0.27777777777839, 0
44, 1, -0.16666666666759, 0
45, 1, -0.055555555556788, 0
46, 1, 0.055555555554324, 0
47, 1, 0.16666666666574, 0
48, 1, 0.27777777777716, 0
49, 1, 0.38888888888858, 0
50, 1, -0.44444444444457, 0
51, 1, -0.33333333333379, 0
52, 1, -0.22222222222299, 0
53, 1, -0.11111111111219, 0
54, 1, -1.3861689573957e-12, 0
55, 1, 0.11111111111003, 0
56, 1, 0.22222222222145, 0
57, 1, 0.33333333333287, 0
58, 1, 0.44444444444429, 0
59, 0.89473684210556, 0.5, 0
60, 0.78947368421111, 0.5, 0
61, 0.68421052631667, 0.5, 0
62, 0.57894736842222, 0.5, 0
63, 0.47368421052778, 0.5, 0
64, 0.36842105263333, 0.5, 0
65, 0.26315789473889, 0.5, 0
66, 0.15789473684444, 0.5, 0
67, 0.052631578949994, 0.5, 0
68, -0.052631578944743, 0.5, 0
69, -0.15789473683977, 0.5, 0
70, -0.2631578947348, 0.5, 0
71, -0.36842105262983, 0.5, 0
72, -0.47368421052486, 0.5, 0
73, -0.57894736841989, 0.5, 0
74, -0.68421052631491, 0.5, 0
75, -0.78947368420994, 0.5, 0
76, -0.89473684210497, 0.5, 0
77, 0.94736842105278, 0.5, 0
78, 0.84210526315834, 0.5, 0
79, 0.73684210526384, 0.5, 0
80, 0.63157894736944, 0.5, 0
81, 0.526315789475, 0.5, 0
82, 0.42105263158055, 0.5, 0
83, 0.31578947368611, 0.5, 0
84, 0.21052631579166, 0.5, 0
85, 0.10526315789722, 0.5, 0
86, 2.7718938255816e-12, 0.5, 0
87, -0.10526315789226, 0.5, 0
88, -0.21052631578729, 0.5, 0
89, -0.31578947368231, 0.5, 0
90, -0.42105263157734, 0.5, 0
91, -0.52631578947237, 0.5, 0
92, -0.6315789473674, 0.5, 0
93, -0.73684210526243, 0.5, 0
94, -0.84210526315746, 0.5, 0
95, -0.94736842105249, 0.5, 0
96, -1, 0.3888888888892, 0
97, -1, 0.27777777777839, 0
98, -1, 0.16666666666759, 0
99, -1, 0.055555555556788, 0
100, -1, -0.055555555554324, 0
101, -1, -0.16666666666574, 0
102, -1, -0.27777777777716, 0
103, -1, -0.38888888888858, 0
104, -1, 0.44444444444457, 0
105, -1, 0.33333333333379, 0
106, -1, 0.22222222222299, 0
107, -1, 0.11111111111219, 0
108, -1, 1.3861689573957e-12, 0
109, -1, -0.11111111111003, 0
110, -1, -0.22222222222145, 0
111, -1, -0.33333333333287, 0
112, -1, -0.44444444444429, 0
113, -0.89473684210549, -0.38888888888861, 0
114, -0.89473684210543, -0.27777777777723, 0
115, -0.89473684210536, -0.16666666666584, 0
116, -0.8947368421053, -0.055555555554453, 0
117, -0.89473684210523, 0.055555555556658, 0
118, -0.89473684210517, 0.16666666666749, 0
119, -0.8947368421051, 0.27777777777833, 0
120, -0.89473684210504, 0.38888888888916, 0
121, -0.78947368421098, -0.38888888888865, 0
122, -0.78947368421085, -0.27777777777729, 0
123, -0.78947368421072, -0.16666666666594, 0
124, -0.78947368421059, -0.055555555554583, 0
125, -0.78947368421046, 0.055555555556528, 0
126, -0.78947368421033, 0.1666666666674, 0
127, -0.7894736842102, 0.27777777777826, 0
128, -0.78947368421007, 0.38888888888913, 0
129, -0.68421052631647, -0.38888888888868, 0
130, -0.68421052631628, -0.27777777777736, 0
131, -0.68421052631608, -0.16666666666603, 0
132, -0.68421052631589, -0.055555555554713, 0
133, -0.68421052631569, 0.055555555556399, 0
134, -0.6842105263155, 0.1666666666673, 0
135, -0.6842105263153, 0.2777777777782, 0
136, -0.68421052631511, 0.3888888888891, 0
137, -0.57894736842196, -0.38888888888871, 0
138, -0.5789473684217, -0.27777777777742, 0
139, -0.57894736842144, -0.16666666666613, 0
140, -0.57894736842118, -0.055555555554842, 0
141, -0.57894736842092, 0.055555555556269, 0
142, -0.57894736842066, 0.1666666666672, 0
143, -0.5789473684204, 0.27777777777813, 0
144, -0.57894736842014, 0.38888888888907, 0
145, -0.47368421052745, -0.38888888888874, 0
146, -0.47368421052713, -0.27777777777749, 0
147, -0.4736842105268, -0.16666666666623, 0
148, -0.47368421052648, -0.055555555554972, 0
149, -0.47368421052615, 0.055555555556139, 0
150, -0.47368421052583, 0.1666666666671, 0
151, -0.47368421052551, 0.27777777777807, 0
152, -0.47368421052518, 0.38888888888903, 0
153, -0.36842105263294, -0.38888888888878, 0
154, -0.36842105263255, -0.27777777777755, 0
155, -0.36842105263216, -0.16666666666633, 0
156, -0.36842105263177, -0.055555555555102, 0
157, -0.36842105263138, 0.05555555555601, 0
158, -0.368421052631, 0.16666666666701, 0
159, -0.36842105263061, 0.277777777778, 0
160, -0.36842105263022, 0.388888888889, 0
161, -0.26315789473843, -0.38888888888881, 0
162, -0.26315789473798, -0.27777777777762, 0
163, -0.26315789473752, -0.16666666666642, 0
164, -0.26315789473707, -0.055555555555231, 0
165, -0.26315789473662, 0.05555555555588, 0
166, -0.26315789473616, 0.16666666666691, 0
167, -0.26315789473571, 0.27777777777794, 0
168, -0.26315789473525, 0.38888888888897, 0
169, -0.15789473684392, -0.38888888888884, 0
170, -0.1578947368434, -0.27777777777768, 0
171, -0.15789473684288, -0.16666666666652, 0
172, -0.15789473684236, -0.055555555555361, 0
173, -0.15789473684185, 0.05555555555575, 0
174, -0.15789473684133, 0.16666666666681, 0
175, -0.15789473684081, 0.27777777777788, 0
176, -0.15789473684029, 0.38888888888894, 0
177, -0.052631578949411, -0.38888888888887, 0
178, -0.052631578948827, -0.27777777777775, 0
179, -0.052631578948244, -0.16666666666662, 0
180, -0.05263157894766, -0.055555555555491, 0
181, -0.052631578947077, 0.055555555555621, 0
182, -0.052631578946493, 0.16666666666672, 0
183, -0.05263157894591, 0.27777777777781, 0
184, -0.052631578945326, 0.38888888888891, 0
185, 0.052631578945326, -0.3888888888889, 0
186, 0.05263157894591, -0.27777777777781, 0
187, 0.052631578946493, -0.16666666666672, 0
188, 0.052631578947077, -0.05555555555562, 0
189, 0.05263157894766, 0.055555555555491, 0
190, 0.052631578948244, 0.16666666666662, 0
191, 0.052631578948827, 0.27777777777775, 0
192, 0.052631578949411, 0.38888888888887, 0
193, 0.15789473684029, -0.38888888888894, 0
194, 0.15789473684081, -0.27777777777788, 0
195, 0.15789473684133, -0.16666666666681, 0
196, 0.15789473684185, -0.05555555555575, 0
197, 0.15789473684236, 0.055555555555361, 0
198, 0.15789473684288, 0.16666666666652, 0
199, 0.1578947368434, 0.27777777777768, 0
200, 0.15789473684392, 0.38888888888884, 0
201, 0.26315789473525, -0.38888888888897, 0
202, 0.26315789473571, -0.27777777777794, 0
203, 0.26315789473616, -0.16666666666691, 0
204, 0.26315789473662, -0.05555555555588, 0
205, 0.26315789473707, 0.055555555555231, 0
206, 0.26315789473752, 0.16666666666642, 0
207, 0.26315789473798, 0.27777777777762, 0
208, 0.26315789473843, 0.38888888888881, 0
209, 0.36842105263022, -0.388888888889, 0
210, 0.36842105263061, -0.277777777778, 0
211, 0.368421052631, -0.16666666666701, 0
212, 0.36842105263138, -0.05555555555601, 0
213, 0.36842105263177, 0.055555555555102, 0
214, 0.36842105263216, 0.16666666666633, 0
215, 0.36842105263255, 0.27777777777755, 0
216, 0.36842105263294, 0.38888888888878, 0
217, 0.47368421052518, -0.38888888888903, 0
218, 0.47368421052551, -0.27777777777807, 0
219, 0.47368421052583, -0.1666666666671, 0
220, 0.47368421052615, -0.055555555556139, 0
221, 0.47368421052648, 0.055555555554972, 0
222, 0.4736842105268, 0.16666666666623, 0
223, 0.47368421052713, 0.27777777777749, 0
224, 0.47368421052745, 0.38888888888874, 0
225, 0.57894736842014, -0.38888888888907, 0
226, 0.5789473684204, -0.27777777777813, 0
227, 0.57894736842066, -0.1666666666672, 0
228, 0.57894736842092, -0.055555555556269, 0
229, 0.57894736842118, 0.055555555554842, 0
230, 0.57894736842144, 0.16666666666613, 0
231, 0.5789473684217, 0.27777777777742, 0
232, 0.57894736842196, 0.38888888888871, 0
233, 0.68421052631511, -0.3888888888891, 0
234, 0.6842105263153, -0.2777777777782, 0
235, 0.6842105263155, -0.1666666666673, 0
236, 0.68421052631569, -0.055555555556399, 0
237, 0.68421052631589, 0.055555555554713, 0
238, 0.68421052631608, 0.16666666666603, 0
239, 0.68421052631628, 0.27777777777736, 0
240, 0.68421052631647, 0.38888888888868, 0
241, 0.78947368421007, -0.38888888888913, 0
242, 0.7894736842102, -0.27777777777826, 0
243, 0.78947368421033, -0.1666666666674, 0
244, 0.78947368421046, -0.055555555556528, 0
245, 0.78947368421059, 0.055555555554583, 0
246, 0.78947368421072, 0.16666666666594, 0
247, 0.78947368421085, 0.27777777777729, 0
248, 0.78947368421098, 0.38888888888865, 0
249, 0.89473684210504, -0.38888888888916, 0
250, 0.8947368421051, -0.27777777777833, 0
251, 0.89473684210517, -0.16666666666749, 0
252, 0.89473684210523, -0.055555555556658, 0
253, 0.8947368421053, 0.055555555554453, 0
254, 0.89473684210536, 0.16666666666584, 0
255, 0.89473684210543, 0.27777777777723, 0
256, 0.89473684210549, 0.38888888888861, 0
257, -0.94736842105278, -0.44444444444429, 0
258, -0.89473684210552, -0.44444444444431, 0
259, -0.94736842105275, -0.3888888888886, 0
260, -0.89473684210546, -0.33333333333292, 0
261, -0.94736842105271, -0.3333333333329, 0
262, -0.94736842105271, -0.27777777777719, 0
263, -0.94736842105271, -0.22222222222148, 0
264, -0.89473684210539, -0.22222222222153, 0
265, -0.94736842105268, -0.16666666666579, 0
266, -0.89473684210533, -0.11111111111015, 0
267, -0.94736842105265, -0.1111111111101, 0
268, -0.94736842105265, -0.055555555554388, 0
269, -0.94736842105265, 1.1671635880006e-12, 0
270, -0.89473684210526, 1.1023126855747e-12, 0
271, -0.94736842105262, 0.055555555556723, 0
272, -0.8947368421052, 0.11111111111208, 0
273, -0.94736842105258, 0.11111111111214, 0
274, -0.94736842105258, 0.16666666666754, 0
275, -0.94736842105258, 0.22222222222294, 0
276, -0.89473684210513, 0.22222222222291, 0
277, -0.94736842105255, 0.27777777777836, 0
278, -0.89473684210507, 0.33333333333375, 0
279, -0.94736842105252, 0.33333333333378, 0
280, -0.94736842105252, 0.38888888888918, 0
281, -0.94736842105252, 0.44444444444458, 0
282, -0.894736842105, 0.44444444444458, 0
283, -0.78947368421105, -0.44444444444432, 0
284, -0.84210526315827, -0.44444444444432, 0
285, -0.84210526315824, -0.38888888888863, 0
286, -0.8421052631582, -0.33333333333294, 0
287, -0.78947368421092, -0.33333333333297, 0
288, -0.84210526315814, -0.27777777777726, 0
289, -0.78947368421079, -0.22222222222161, 0
290, -0.84210526315807, -0.22222222222158, 0
291, -0.84210526315804, -0.16666666666589, 0
292, -0.84210526315801, -0.1111111111102, 0
293, -0.78947368421066, -0.11111111111026, 0
294, -0.84210526315794, -0.055555555554518, 0
295, -0.78947368421053, 9.7262475851068e-13, 0
296, -0.84210526315788, 1.0374756609366e-12, 0
297, -0.84210526315785, 0.055555555556593, 0
298, -0.84210526315781, 0.11111111111201, 0
299, -0.7894736842104, 0.11111111111196, 0
300, -0.84210526315775, 0.16666666666745, 0
301, -0.78947368421027, 0.22222222222283, 0
302, -0.84210526315768, 0.22222222222288, 0
303, -0.84210526315765, 0.2777777777783, 0
304, -0.84210526315762, 0.33333333333371, 0
305, -0.78947368421014, 0.3333333333337, 0
306, -0.84210526315755, 0.38888888888915, 0
307, -0.78947368421001, 0.44444444444457, 0
308, -0.84210526315749, 0.44444444444458, 0
309, -0.73684210526382, -0.44444444444432, 0
310, -0.68421052631657, -0.44444444444434, 0
311, -0.73684210526373, -0.38888888888866, 0
312, -0.68421052631637, -0.33333333333302, 0
313, -0.73684210526363, -0.333333333333, 0
314, -0.73684210526356, -0.27777777777732, 0
315, -0.7368421052635, -0.22222222222165, 0
316, -0.68421052631618, -0.2222222222217, 0
317, -0.7368421052634, -0.16666666666599, 0
318, -0.68421052631598, -0.11111111111037, 0
319, -0.7368421052633, -0.11111111111032, 0
320, -0.73684210526324, -0.055555555554648, 0
321, -0.73684210526317, 9.0775997829695e-13, 0
322, -0.68421052631579, 8.4293683144665e-13, 0
323, -0.73684210526308, 0.055555555556463, 0
324, -0.6842105263156, 0.11111111111185, 0
325, -0.73684210526298, 0.11111111111191, 0
326, -0.73684210526291, 0.16666666666735, 0
327, -0.73684210526285, 0.22222222222278, 0
328, -0.6842105263154, 0.22222222222275, 0
329, -0.73684210526275, 0.27777777777823, 0
330, -0.68421052631521, 0.33333333333365, 0
331, -0.73684210526266, 0.33333333333368, 0
332, -0.73684210526259, 0.38888888888912, 0
333, -0.73684210526253, 0.44444444444455, 0
334, -0.68421052631501, 0.44444444444455, 0
335, -0.57894736842209, -0.44444444444436, 0
336, -0.63157894736931, -0.44444444444436, 0
337, -0.63157894736922, -0.38888888888869, 0
338, -0.63157894736912, -0.33333333333303, 0
339, -0.57894736842183, -0.33333333333307, 0
340, -0.63157894736899, -0.27777777777739, 0
341, -0.57894736842157, -0.22222222222178, 0
342, -0.63157894736886, -0.22222222222174, 0
343, -0.63157894736876, -0.16666666666608, 0
344, -0.63157894736866, -0.11111111111042, 0
345, -0.57894736842131, -0.11111111111049, 0
346, -0.63157894736853, -0.055555555554778, 0
347, -0.57894736842105, 7.1326278217043e-13, 0
348, -0.63157894736841, 7.7808592902073e-13, 0
349, -0.63157894736831, 0.055555555556334, 0
350, -0.63157894736821, 0.11111111111178, 0
351, -0.57894736842079, 0.11111111111174, 0
352, -0.63157894736808, 0.16666666666725, 0
353, -0.57894736842053, 0.22222222222267, 0
354, -0.63157894736795, 0.22222222222272, 0
355, -0.63157894736785, 0.27777777777817, 0
356, -0.63157894736776, 0.33333333333362, 0
357, -0.57894736842027, 0.3333333333336, 0
358, -0.63157894736763, 0.38888888888908, 0
359, -0.57894736842002, 0.44444444444453, 0
360, -0.6315789473675, 0.44444444444455, 0
361, -0.52631578947487, -0.44444444444436, 0
362, -0.47368421052761, -0.44444444444437, 0
363, -0.52631578947471, -0.38888888888873, 0
364, -0.47368421052729, -0.33333333333311, 0
365, -0.52631578947454, -0.3333333333331, 0
366, -0.52631578947441, -0.27777777777745, 0
367, -0.52631578947428, -0.22222222222181, 0
368, -0.47368421052696, -0.22222222222186, 0
369, -0.52631578947412, -0.16666666666618, 0
370, -0.47368421052664, -0.1111111111106, 0
371, -0.52631578947396, -0.11111111111055, 0
372, -0.52631578947383, -0.055555555554907, 0
373, -0.5263157894737, 6.4841187974451e-13, 0
374, -0.47368421052632, 5.8354709953079e-13, 0
375, -0.52631578947354, 0.055555555556204, 0
376, -0.47368421052599, 0.11111111111162, 0
377, -0.52631578947338, 0.11111111111169, 0
378, -0.52631578947325, 0.16666666666715, 0
379, -0.52631578947312, 0.22222222222262, 0
380, -0.47368421052567, 0.22222222222259, 0
381, -0.52631578947295, 0.2777777777781, 0
382, -0.47368421052534, 0.33333333333355, 0
383, -0.52631578947279, 0.33333333333358, 0
384, -0.52631578947266, 0.38888888888905, 0
385, -0.52631578947253, 0.44444444444452, 0
386, -0.47368421052502, 0.44444444444452, 0
387, -0.36842105263314, -0.44444444444439, 0
388, -0.42105263158036, -0.44444444444439, 0
389, -0.4210526315802, -0.38888888888876, 0
390, -0.42105263158003, -0.33333333333313, 0
391, -0.36842105263275, -0.33333333333316, 0
392, -0.42105263157984, -0.27777777777752, 0
393, -0.36842105263236, -0.22222222222194, 0
394, -0.42105263157964, -0.22222222222191, 0
395, -0.42105263157948, -0.16666666666628, 0
396, -0.42105263157932, -0.11111111111065, 0
397, -0.36842105263197, -0.11111111111071, 0
398, -0.42105263157913, -0.055555555555037, 0
399, -0.36842105263158, 4.5387305025457e-13, 0
400, -0.42105263157893, 5.187378304683e-13, 0
401, -0.42105263157877, 0.055555555556074, 0
402, -0.42105263157861, 0.11111111111156, 0
403, -0.36842105263119, 0.11111111111151, 0
404, -0.42105263157841, 0.16666666666706, 0
405, -0.3684210526308, 0.22222222222251, 0
406, -0.42105263157822, 0.22222222222255, 0
407, -0.42105263157806, 0.27777777777804, 0
408, -0.42105263157789, 0.33333333333352, 0
409, -0.36842105263041, 0.3333333333335, 0
410, -0.4210526315777, 0.38888888888902, 0
411, -0.36842105263002, 0.4444444444445, 0
412, -0.4210526315775, 0.44444444444452, 0
413, -0.31578947368591, -0.44444444444439, 0
414, -0.26315789473866, -0.4444444444444, 0
415, -0.31578947368569, -0.38888888888879, 0
416, -0.2631578947382, -0.33333333333321, 0
417, -0.31578947368546, -0.3333333333332, 0
418, -0.31578947368526, -0.27777777777758, 0
419, -0.31578947368507, -0.22222222222197, 0
420, -0.26315789473775, -0.22222222222202, 0
421, -0.31578947368484, -0.16666666666637, 0
422, -0.2631578947373, -0.11111111111083, 0
423, -0.31578947368462, -0.11111111111078, 0
424, -0.31578947368442, -0.055555555555167, 0
425, -0.31578947368423, 3.8906378119208e-13, 0
426, -0.26315789473684, 3.2420593987226e-13, 0
427, -0.315789473684, 0.055555555555945, 0
428, -0.26315789473639, 0.11111111111139, 0
429, -0.31578947368377, 0.11111111111146, 0
430, -0.31578947368358, 0.16666666666696, 0
431, -0.31578947368338, 0.22222222222246, 0
432, -0.26315789473593, 0.22222222222242, 0
433, -0.31578947368316, 0.27777777777797, 0
434, -0.26315789473548, 0.33333333333345, 0
435, -0.31578947368293, 0.33333333333349, 0
436, -0.31578947368274, 0.38888888888899, 0
437, -0.31578947368254, 0.44444444444448, 0
438, -0.26315789473503, 0.44444444444448, 0
439, -0.15789473684418, -0.44444444444442, 0
440, -0.2105263157914, -0.44444444444442, 0
441, -0.21052631579118, -0.38888888888882, 0
442, -0.21052631579095, -0.33333333333323, 0
443, -0.15789473684366, -0.33333333333326, 0
444, -0.21052631579069, -0.27777777777765, 0
445, -0.15789473684314, -0.2222222222221, 0
446, -0.21052631579043, -0.22222222222207, 0
447, -0.2105263157902, -0.16666666666647, 0
448, -0.21052631578998, -0.11111111111088, 0
449, -0.15789473684262, -0.11111111111094, 0
450, -0.21052631578972, -0.055555555555296, 0
451, -0.15789473684211, 1.9453882948994e-13, 0
452, -0.21052631578946, 2.5937585412805e-13, 0
453, -0.21052631578923, 0.055555555555815, 0
454, -0.210526315789, 0.11111111111133, 0
455, -0.15789473684159, 0.11111111111128, 0
456, -0.21052631578874, 0.16666666666686, 0
457, -0.15789473684107, 0.22222222222234, 0
458, -0.21052631578849, 0.22222222222239, 0
459, -0.21052631578826, 0.27777777777791, 0
460, -0.21052631578803, 0.33333333333342, 0
461, -0.15789473684055, 0.33333333333341, 0
462, -0.21052631578777, 0.38888888888895, 0
463, -0.15789473684003, 0.44444444444447, 0
464, -0.21052631578751, 0.44444444444448, 0
465, -0.10526315789696, -0.44444444444442, 0
466, -0.052631578949703, -0.44444444444444, 0
467, -0.10526315789667, -0.38888888888886, 0
468, -0.052631578949119, -0.33333333333331, 0
469, -0.10526315789637, -0.33333333333329, 0
470, -0.10526315789611, -0.27777777777771, 0
471, -0.10526315789586, -0.22222222222213, 0
472, -0.052631578948536, -0.22222222222218, 0
473, -0.10526315789556, -0.16666666666657, 0
474, -0.052631578947952, -0.11111111111105, 0
475, -0.10526315789527, -0.11111111111101, 0
476, -0.10526315789501, -0.055555555555426, 0
477, -0.10526315789475, 1.2970874374574e-13, 0
478, -0.052631578947369, 6.4857841319821e-14, 0
479, -0.10526315789446, 0.055555555555685, 0
480, -0.052631578946785, 0.11111111111117, 0
481, -0.10526315789417, 0.11111111111123, 0
482, -0.10526315789391, 0.16666666666676, 0
483, -0.10526315789365, 0.2222222222223, 0
484, -0.052631578946201, 0.22222222222226, 0
485, -0.10526315789336, 0.27777777777784, 0
486, -0.052631578945618, 0.33333333333336, 0
487, -0.10526315789307, 0.33333333333339, 0
488, -0.10526315789281, 0.38888888888892, 0
489, -0.10526315789255, 0.44444444444445, 0
490, -0.052631578945034, 0.44444444444445, 0
491, 0.052631578945034, -0.44444444444445, 0
492, -2.3341120702902e-12, -0.44444444444445, 0
493, -2.0423593372065e-12, -0.38888888888889, 0
494, -1.7505649707594e-12, -0.33333333333333, 0
495, 0.052631578945618, -0.33333333333336, 0
496, -1.4588261154636e-12, -0.27777777777778, 0
497, 0.052631578946202, -0.22222222222226, 0
498, -1.1670525656982e-12, -0.22222222222223, 0
499, -8.7529983261447e-13, -0.16666666666667, 0
500, -5.835609773186e-13, -0.1111111111111, 0
501, 0.052631578946785, -0.11111111111117, 0
502, -2.917804886593e-13, -0.055555555555556, 0
503, 0.052631578947369, -6.4830085744205e-14, 0
504, 0, 2.0816681711722e-17, 0
505, 2.9176661087149e-13, 0.055555555555556, 0
506, 5.835609773186e-13, 0.1111111111111, 0
507, 0.052631578947952, 0.11111111111105, 0
508, 8.7529983261447e-13, 0.16666666666667, 0
509, 0.052631578948536, 0.22222222222218, 0
510, 1.1670386879103e-12, 0.22222222222223, 0
511, 1.4588330543575e-12, 0.27777777777778, 0
512, 1.7505441540777e-12, 0.33333333333333, 0
513, 0.052631578949119, 0.33333333333331, 0
514, 2.0423662761004e-12, 0.38888888888889, 0
515, 0.052631578949703, 0.44444444444444, 0
516, 2.3341051313963e-12, 0.44444444444445, 0
517, 0.10526315789255, -0.44444444444445, 0
518, 0.15789473684003, -0.44444444444447, 0
519, 0.10526315789281, -0.38888888888892, 0
520, 0.15789473684055, -0.33333333333341, 0
521, 0.10526315789307, -0.33333333333339, 0
522, 0.10526315789336, -0.27777777777784, 0
523, 0.10526315789365, -0.2222222222223, 0
524, 0.15789473684107, -0.22222222222234, 0
525, 0.10526315789391, -0.16666666666676, 0
526, 0.15789473684159, -0.11111111111128, 0
527, 0.10526315789417, -0.11111111111123, 0
528, 0.10526315789446, -0.055555555555685, 0
529, 0.10526315789475, -1.2968792706403e-13, 0
530, 0.15789473684211, -1.9453882948994e-13, 0
531, 0.10526315789501, 0.055555555555426, 0
532, 0.15789473684262, 0.11111111111094, 0
533, 0.10526315789527, 0.11111111111101, 0
534, 0.10526315789556, 0.16666666666657, 0
535, 0.10526315789586, 0.22222222222213, 0
536, 0.15789473684314, 0.2222222222221, 0
537, 0.10526315789611, 0.27777777777771, 0
538, 0.15789473684366, 0.33333333333326, 0
539, 0.10526315789637, 0.33333333333329, 0
540, 0.10526315789667, 0.38888888888886, 0
541, 0.10526315789696, 0.44444444444442, 0
542, 0.15789473684418, 0.44444444444442, 0
543, 0.26315789473503, -0.44444444444448, 0
544, 0.21052631578751, -0.44444444444448, 0
545, 0.21052631578777, -0.38888888888895, 0
546, 0.21052631578803, -0.33333333333342, 0
547, 0.26315789473548, -0.33333333333346, 0
548, 0.21052631578826, -0.27777777777791, 0
549, 0.26315789473593, -0.22222222222243, 0
550, 0.21052631578848, -0.22222222222239, 0
551, 0.21052631578874, -0.16666666666686, 0
552, 0.210526315789, -0.11111111111133, 0
553, 0.26315789473639, -0.11111111111139, 0
554, 0.21052631578923, -0.055555555555815, 0
555, 0.26315789473684, -3.2421981766007e-13, 0
556, 0.21052631578946, -2.5938279302196e-13, 0
557, 0.21052631578972, 0.055555555555296, 0
558, 0.21052631578998, 0.11111111111088, 0
559, 0.2631578947373, 0.11111111111083, 0
560, 0.2105263157902, 0.16666666666647, 0
561, 0.26315789473775, 0.22222222222202, 0
562, 0.21052631579043, 0.22222222222207, 0
563, 0.21052631579069, 0.27777777777765, 0
564, 0.21052631579095, 0.33333333333323, 0
565, 0.2631578947382, 0.33333333333321, 0
566, 0.21052631579118, 0.38888888888882, 0
567, 0.26315789473866, 0.4444444444444, 0
568, 0.2105263157914, 0.44444444444442, 0
569, 0.31578947368254, -0.44444444444448, 0
570, 0.36842105263002, -0.4444444444445, 0
571, 0.31578947368274, -0.38888888888899, 0
572, 0.36842105263041, -0.3333333333335, 0
573, 0.31578947368293, -0.33333333333349, 0
574, 0.31578947368316, -0.27777777777797, 0
575, 0.31578947368338, -0.22222222222246, 0
576, 0.3684210526308, -0.22222222222251, 0
577, 0.31578947368358, -0.16666666666696, 0
578, 0.36842105263119, -0.11111111111151, 0
579, 0.31578947368377, -0.11111111111146, 0
580, 0.315789473684, -0.055555555555945, 0
581, 0.31578947368423, -3.8906378119208e-13, 0
582, 0.36842105263158, -4.5389386693628e-13, 0
583, 0.31578947368442, 0.055555555555167, 0
584, 0.36842105263197, 0.11111111111071, 0
585, 0.31578947368462, 0.11111111111078, 0
586, 0.31578947368484, 0.16666666666637, 0
587, 0.31578947368507, 0.22222222222197, 0
588, 0.36842105263236, 0.22222222222194, 0
589, 0.31578947368526, 0.27777777777758, 0
590, 0.36842105263275, 0.33333333333316, 0
591, 0.31578947368546, 0.3333333333332, 0
592, 0.31578947368569, 0.38888888888879, 0
593, 0.31578947368591, 0.44444444444439, 0
594, 0.36842105263314, 0.44444444444439, 0
595, 0.47368421052502, -0.44444444444452, 0
596, 0.4210526315775, -0.44444444444452, 0
597, 0.4210526315777, -0.38888888888902, 0
598, 0.42105263157789, -0.33333333333352, 0
599, 0.47368421052534, -0.33333333333355, 0
600, 0.42105263157806, -0.27777777777804, 0
601, 0.47368421052567, -0.22222222222259, 0
602, 0.42105263157822, -0.22222222222255, 0
603, 0.42105263157841, -0.16666666666706, 0
604, 0.42105263157861, -0.11111111111156, 0
605, 0.47368421052599, -0.11111111111162, 0
606, 0.42105263157877, -0.055555555556074, 0
607, 0.47368421052632, -5.835679162125e-13, 0
608, 0.42105263157893, -5.187378304683e-13, 0
609, 0.42105263157913, 0.055555555555037, 0
610, 0.42105263157932, 0.11111111111065, 0
611, 0.47368421052664, 0.1111111111106, 0
612, 0.42105263157948, 0.16666666666628, 0
613, 0.47368421052696, 0.22222222222186, 0
614, 0.42105263157964, 0.22222222222191, 0
615, 0.42105263157984, 0.27777777777752, 0
616, 0.42105263158003, 0.33333333333313, 0
617, 0.47368421052729, 0.33333333333311, 0
618, 0.4210526315802, 0.38888888888876, 0
619, 0.47368421052761, 0.44444444444437, 0
620, 0.42105263158036, 0.44444444444439, 0
621, 0.52631578947253, -0.44444444444452, 0
622, 0.57894736842002, -0.44444444444453, 0
623, 0.52631578947266, -0.38888888888905, 0
624, 0.57894736842027, -0.3333333333336, 0
625, 0.52631578947279, -0.33333333333358, 0
626, 0.52631578947295, -0.2777777777781, 0
627, 0.52631578947312, -0.22222222222262, 0
628, 0.57894736842053, -0.22222222222267, 0
629, 0.52631578947325, -0.16666666666715, 0
630, 0.57894736842079, -0.11111111111174, 0
631, 0.52631578947338, -0.11111111111169, 0
632, 0.52631578947354, -0.055555555556204, 0
633, 0.5263157894737, -6.4840494085061e-13, 0
634, 0.57894736842105, -7.1324196548872e-13, 0
635, 0.52631578947383, 0.055555555554907, 0
636, 0.57894736842131, 0.11111111111049, 0
637, 0.52631578947396, 0.11111111111055, 0
638, 0.52631578947412, 0.16666666666618, 0
639, 0.52631578947428, 0.22222222222181, 0
640, 0.57894736842157, 0.22222222222178, 0
641, 0.52631578947441, 0.27777777777745, 0
642, 0.57894736842183, 0.33333333333307, 0
643, 0.52631578947454, 0.3333333333331, 0
644, 0.52631578947471, 0.38888888888873, 0
645, 0.52631578947487, 0.44444444444436, 0
646, 0.57894736842209, 0.44444444444436, 0
647, 0.68421052631501, -0.44444444444455, 0
648, 0.6315789473675, -0.44444444444455, 0
649, 0.63157894736763, -0.38888888888908, 0
650, 0.63157894736776, -0.33333333333362, 0
651, 0.68421052631521, -0.33333333333365, 0
652, 0.63157894736785, -0.27777777777817, 0
653, 0.6842105263154, -0.22222222222275, 0
654, 0.63157894736795, -0.22222222222272, 0
655, 0.63157894736808, -0.16666666666725, 0
656, 0.63157894736821, -0.11111111111178, 0
657, 0.6842105263156, -0.11111111111185, 0
658, 0.63157894736831, -0.055555555556334, 0
659, 0.68421052631579, -8.4295764812836e-13, 0
660, 0.63157894736841, -7.7808592902073e-13, 0
661, 0.63157894736853, 0.055555555554778, 0
662, 0.63157894736866, 0.11111111111042, 0
663, 0.68421052631598, 0.11111111111037, 0
664, 0.63157894736876, 0.16666666666608, 0
665, 0.68421052631618, 0.2222222222217, 0
666, 0.63157894736886, 0.22222222222174, 0
667, 0.63157894736899, 0.27777777777739, 0
668, 0.63157894736912, 0.33333333333303, 0
669, 0.68421052631637, 0.33333333333302, 0
670, 0.63157894736922, 0.38888888888869, 0
671, 0.68421052631657, 0.44444444444434, 0
672, 0.63157894736931, 0.44444444444436, 0
673, 0.73684210526253, -0.44444444444455, 0
674, 0.78947368421001, -0.44444444444457, 0
675, 0.73684210526259, -0.38888888888912, 0
676, 0.78947368421014, -0.3333333333337, 0
677, 0.73684210526266, -0.33333333333368, 0
678, 0.73684210526275, -0.27777777777823, 0
679, 0.73684210526285, -0.22222222222278, 0
680, 0.78947368421027, -0.22222222222283, 0
681, 0.73684210526291, -0.16666666666735, 0
682, 0.7894736842104, -0.11111111111196, 0
683, 0.73684210526298, -0.11111111111191, 0
684, 0.73684210526308, -0.055555555556463, 0
685, 0.73684210526317, -9.0779467276647e-13, 0
686, 0.78947368421053, -9.7262475851068e-13, 0
687, 0.73684210526324, 0.055555555554648, 0
688, 0.78947368421066, 0.11111111111026, 0
689, 0.7368421052633, 0.11111111111032, 0
690, 0.7368421052634, 0.16666666666599, 0
691, 0.7368421052635, 0.22222222222165, 0
692, 0.78947368421079, 0.22222222222161, 0
693, 0.73684210526356, 0.27777777777732, 0
694, 0.78947368421092, 0.33333333333297, 0
695, 0.73684210526363, 0.333333333333, 0
696, 0.73684210526373, 0.38888888888866, 0
697, 0.73684210526382, 0.44444444444432, 0
698, 0.78947368421105, 0.44444444444432, 0
699, 0.894736842105, -0.44444444444458, 0
700, 0.84210526315749, -0.44444444444458, 0
701, 0.84210526315755, -0.38888888888915, 0
702, 0.84210526315762, -0.33333333333371, 0
703, 0.89473684210507, -0.33333333333375, 0
704, 0.84210526315765, -0.2777777777783, 0
705, 0.89473684210513, -0.22222222222291, 0
706, 0.84210526315768, -0.22222222222288, 0
707, 0.84210526315775, -0.16666666666744, 0
708, 0.84210526315781, -0.11111111111201, 0
709, 0.8947368421052, -0.11111111111208, 0
710, 0.84210526315785, -0.055555555556593, 0
711, 0.89473684210526, -1.1023265633625e-12, 0
712, 0.84210526315788, -1.0374825998305e-12, 0
713, 0.84210526315794, 0.055555555554518, 0
714, 0.84210526315801, 0.1111111111102, 0
715, 0.89473684210533, 0.11111111111015, 0
716, 0.84210526315804, 0.16666666666589, 0
717, 0.89473684210539, 0.22222222222153, 0
718, 0.84210526315807, 0.22222222222158, 0
719, 0.84210526315814, 0.27777777777726, 0
720, 0.8421052631582, 0.33333333333294, 0
721, 0.89473684210546, 0.33333333333292, 0
722, 0.84210526315824, 0.38888888888863, 0
723, 0.89473684210552, 0.44444444444431, 0
724, 0.84210526315827, 0.44444444444432, 0
725, 0.94736842105252, -0.44444444444458, 0
726, 0.94736842105252, -0.38888888888918, 0
727, 0.94736842105252, -0.33333333333378, 0
728, 0.94736842105255, -0.27777777777836, 0
729, 0.94736842105258, -0.22222222222294, 0
730, 0.94736842105258, -0.16666666666754, 0
731, 0.94736842105258, -0.11111111111214, 0
732, 0.94736842105262, -0.055555555556723, 0
733, 0.94736842105265, -1.1671566491067e-12, 0
734, 0.94736842105265, 0.055555555554389, 0
735, 0.94736842105265, 0.1111111111101, 0
736, 0.94736842105268, 0.16666666666579, 0
737, 0.94736842105271, 0.22222222222148, 0
738, 0.94736842105271, 0.27777777777719, 0
739, 0.94736842105271, 0.3333333333329, 0
740, 0.94736842105275, 0.3888888888886, 0
741, 0.94736842105278, 0.44444444444429, 0
******* E L E M E N T S *************
*ELEMENT, type=T3D3, ELSET=Line1
1, 1, 23, 5
2, 5, 24, 6
3, 6, 25, 7
4, 7, 26, 8
5, 8, 27, 9
6, 9, 28, 10
7, 10, 29, 11
8, 11, 30, 12
9, 12, 31, 13
10, 13, 32, 14
11, 14, 33, 15
12, 15, 34, 16
13, 16, 35, 17
14, 17, 36, 18
15, 18, 37, 19
16, 19, 38, 20
17, 20, 39, 21
18, 21, 40, 22
19, 22, 41, 2
*ELEMENT, type=T3D3, ELSET=Line2
20, 2, 50, 42
21, 42, 51, 43
22, 43, 52, 44
23, 44, 53, 45
24, 45, 54, 46
25, 46, 55, 47
26, 47, 56, 48
27, 48, 57, 49
28, 49, 58, 3
*ELEMENT, type=T3D3, ELSET=Line3
29, 3, 77, 59
30, 59, 78, 60
31, 60, 79, 61
32, 61, 80, 62
33, 62, 81, 63
34, 63, 82, 64
35, 64, 83, 65
36, 65, 84, 66
37, 66, 85, 67
38, 67, 86, 68
39, 68, 87, 69
40, 69, 88, 70
41, 70, 89, 71
42, 71, 90, 72
43, 72, 91, 73
44, 73, 92, 74
45, 74, 93, 75
46, 75, 94, 76
47, 76, 95, 4
*ELEMENT, type=T3D3, ELSET=Line4
48, 4, 104, 96
49, 96, 105, 97
50, 97, 106, 98
51, 98, 107, 99
52, 99, 108, 100
53, 100, 109, 101
54, 101, 110, 102
55, 102, 111, 103
56, 103, 112, 1
*ELEMENT, type=CPS6, ELSET=Surface1
57, 1, 5, 103, 23, 257, 112
58, 103, 5, 113, 257, 258, 259
59, 103, 113, 114, 259, 260, 261
60, 114, 102, 103, 262, 111, 261
61, 102, 114, 101, 262, 263, 110
62, 101, 114, 115, 263, 264, 265
63, 101, 115, 116, 265, 266, 267
64, 116, 100, 101, 268, 109, 267
65, 100, 116, 99, 268, 269, 108
66, 99, 116, 117, 269, 270, 271
67, 99, 117, 118, 271, 272, 273
68, 118, 98, 99, 274, 107, 273
69, 98, 118, 97, 274, 275, 106
70, 97, 118, 119, 275, 276, 277
71, 97, 119, 120, 277, 278, 279
72, 120, 96, 97, 280, 105, 279
73, 96, 120, 4, 280, 281, 104
74, 4, 120, 76, 281, 282, 95
75, 5, 6, 121, 24, 283, 284
76, 121, 113, 5, 285, 258, 284
77, 113, 121, 114, 285, 286, 260
78, 114, 121, 122, 286, 287, 288
79, 114, 122, 123, 288, 289, 290
80, 123, 115, 114, 291, 264, 290
81, 115, 123, 116, 291, 292, 266
82, 116, 123, 124, 292, 293, 294
83, 116, 124, 125, 294, 295, 296
84, 125, 117, 116, 297, 270, 296
85, 117, 125, 118, 297, 298, 272
86, 118, 125, 126, 298, 299, 300
87, 118, 126, 127, 300, 301, 302
88, 127, 119, 118, 303, 276, 302
89, 119, 127, 120, 303, 304, 278
90, 120, 127, 128, 304, 305, 306
91, 120, 128, 75, 306, 307, 308
92, 75, 76, 120, 94, 282, 308
93, 6, 7, 121, 25, 309, 283
94, 121, 7, 129, 309, 310, 311
95, 121, 129, 130, 311, 312, 313
96, 130, 122, 121, 314, 287, 313
97, 122, 130, 123, 314, 315, 289
98, 123, 130, 131, 315, 316, 317
99, 123, 131, 132, 317, 318, 319
100, 132, 124, 123, 320, 293, 319
101, 124, 132, 125, 320, 321, 295
102, 125, 132, 133, 321, 322, 323
103, 125, 133, 134, 323, 324, 325
104, 134, 126, 125, 326, 299, 325
105, 126, 134, 127, 326, 327, 301
106, 127, 134, 135, 327, 328, 329
107, 127, 135, 136, 329, 330, 331
108, 136, 128, 127, 332, 305, 331
109, 128, 136, 75, 332, 333, 307
110, 75, 136, 74, 333, 334, 93
111, 7, 8, 137, 26, 335, 336
112, 137, 129, 7, 337, 310, 336
113, 129, 137, 130, 337, 338, 312
114, 130, 137, 138, 338, 339, 340
115, 130, 138, 139, 340, 341, 342
116, 139, 131, 130, 343, 316, 342
117, 131, 139, 132, 343, 344, 318
118, 132, 139, 140, 344, 345, 346
119, 132, 140, 141, 346, 347, 348
120, 141, 133, 132, 349, 322, 348
121, 133, 141, 134, 349, 350, 324
122, 134, 141, 142, 350, 351, 352
123, 134, 142, 143, 352, 353, 354
124, 143, 135, 134, 355, 328, 354
125, 135, 143, 136, 355, 356, 330
126, 136, 143, 144, 356, 357, 358
127, 136, 144, 73, 358, 359, 360
128, 73, 74, 136, 92, 334, 360
129, 8, 9, 137, 27, 361, 335
130, 137, 9, 145, 361, 362, 363
131, 137, 145, 146, 363, 364, 365
132, 146, 138, 137, 366, 339, 365
133, 138, 146, 139, 366, 367, 341
134, 139, 146, 147, 367, 368, 369
135, 139, 147, 148, 369, 370, 371
136, 148, 140, 139, 372, 345, 371
137, 140, 148, 141, 372, 373, 347
138, 141, 148, 149, 373, 374, 375
139, 141, 149, 150, 375, 376, 377
140, 150, 142, 141, 378, 351, 377
141, 142, 150, 143, 378, 379, 353
142, 143, 150, 151, 379, 380, 381
143, 143, 151, 152, 381, 382, 383
144, 152, 144, 143, 384, 357, 383
145, 144, 152, 73, 384, 385, 359
146, 73, 152, 72, 385, 386, 91
147, 9, 10, 153, 28, 387, 388
148, 153, 145, 9, 389, 362, 388
149, 145, 153, 146, 389, 390, 364
150, 146, 153, 154, 390, 391, 392
151, 146, 154, 155, 392, 393, 394
152, 155, 147, 146, 395, 368, 394
153, 147, 155, 148, 395, 396, 370
154, 148, 155, 156, 396, 397, 398
155, 148, 156, 157, 398, 399, 400
156, 157, 149, 148, 401, 374, 400
157, 149, 157, 150, 401, 402, 376
158, 150, 157, 158, 402, 403, 404
159, 150, 158, 159, 404, 405, 406
160, 159, 151, 150, 407, 380, 406
161, 151, 159, 152, 407, 408, 382
162, 152, 159, 160, 408, 409, 410
163, 152, 160, 71, 410, 411, 412
164, 71, 72, 152, 90, 386, 412
165, 10, 11, 153, 29, 413, 387
166, 153, 11, 161, 413, 414, 415
167, 153, 161, 162, 415, 416, 417
168, 162, 154, 153, 418, 391, 417
169, 154, 162, 155, 418, 419, 393
170, 155, 162, 163, 419, 420, 421
171, 155, 163, 164, 421, 422, 423
172, 164, 156, 155, 424, 397, 423
173, 156, 164, 157, 424, 425, 399
174, 157, 164, 165, 425, 426, 427
175, 157, 165, 166, 427, 428, 429
176, 166, 158, 157, 430, 403, 429
177, 158, 166, 159, 430, 431, 405
178, 159, 166, 167, 431, 432, 433
179, 159, 167, 168, 433, 434, 435
180, 168, 160, 159, 436, 409, 435
181, 160, 168, 71, 436, 437, 411
182, 71, 168, 70, 437, 438, 89
183, 11, 12, 169, 30, 439, 440
184, 169, 161, 11, 441, 414, 440
185, 161, 169, 162, 441, 442, 416
186, 162, 169, 170, 442, 443, 444
187, 162, 170, 171, 444, 445, 446
188, 171, 163, 162, 447, 420, 446
189, 163, 171, 164, 447, 448, 422
190, 164, 171, 172, 448, 449, 450
191, 164, 172, 173, 450, 451, 452
192, 173, 165, 164, 453, 426, 452
193, 165, 173, 166, 453, 454, 428
194, 166, 173, 174, 454, 455, 456
195, 166, 174, 175, 456, 457, 458
196, 175, 167, 166, 459, 432, 458
197, 167, 175, 168, 459, 460, 434
198, 168, 175, 176, 460, 461, 462
199, 168, 176, 69, 462, 463, 464
200, 69, 70, 168, 88, 438, 464
201, 12, 13, 169, 31, 465, 439
202, 169, 13, 177, 465, 466, 467
203, 169, 177, 178, 467, 468, 469
204, 178, 170, 169, 470, 443, 469
205, 170, 178, 171, 470, 471, 445
206, 171, 178, 179, 471, 472, 473
207, 171, 179, 180, 473, 474, 475
208, 180, 172, 171, 476, 449, 475
209, 172, 180, 173, 476, 477, 451
210, 173, 180, 181, 477, 478, 479
211, 173, 181, 182, 479, 480, 481
212, 182, 174, 173, 482, 455, 481
213, 174, 182, 175, 482, 483, 457
214, 175, 182, 183, 483, 484, 485
215, 175, 183, 184, 485, 486, 487
216, 184, 176, 175, 488, 461, 487
217, 176, 184, 69, 488, 489, 463
218, 69, 184, 68, 489, 490, 87
219, 13, 14, 185, 32, 491, 492
220, 185, 177, 13, 493, 466, 492
221, 177, 185, 178, 493, 494, 468
222, 178, 185, 186, 494, 495, 496
223, 178, 186, 187, 496, 497, 498
224, 187, 179, 178, 499, 472, 498
225, 179, 187, 180, 499, 500, 474
226, 180, 187, 188, 500, 501, 502
227, 180, 188, 189, 502, 503, 504
228, 189, 181, 180, 505, 478, 504
229, 181, 189, 182, 505, 506, 480
230, 182, 189, 190, 506, 507, 508
231, 182, 190, 191, 508, 509, 510
232, 191, 183, 182, 511, 484, 510
233, 183, 191, 184, 511, 512, 486
234, 184, 191, 192, 512, 513, 514
235, 184, 192, 67, 514, 515, 516
236, 67, 68, 184, 86, 490, 516
237, 14, 15, 185, 33, 517, 491
238, 185, 15, 193, 517, 518, 519
239, 185, 193, 194, 519, 520, 521
240, 194, 186, 185, 522, 495, 521
241, 186, 194, 187, 522, 523, 497
242, 187, 194, 195, 523, 524, 525
243, 187, 195, 196, 525, 526, 527
244, 196, 188, 187, 528, 501, 527
245, 188, 196, 189, 528, 529, 503
246, 189, 196, 197, 529, 530, 531
247, 189, 197, 198, 531, 532, 533
248, 198, 190, 189, 534, 507, 533
249, 190, 198, 191, 534, 535, 509
250, 191, 198, 199, 535, 536, 537
251, 191, 199, 200, 537, 538, 539
252, 200, 192, 191, 540, 513, 539
253, 192, 200, 67, 540, 541, 515
254, 67, 200, 66, 541, 542, 85
255, 15, 16, 201, 34, 543, 544
256, 201, 193, 15, 545, 518, 544
257, 193, 201, 194, 545, 546, 520
258, 194, 201, 202, 546, 547, 548
259, 194, 202, 203, 548, 549, 550
260, 203, 195, 194, 551, 524, 550
261, 195, 203, 196, 551, 552, 526
262, 196, 203, 204, 552, 553, 554
263, 196, 204, 205, 554, 555, 556
264, 205, 197, 196, 557, 530, 556
265, 197, 205, 198, 557, 558, 532
266, 198, 205, 206, 558, 559, 560
267, 198, 206, 207, 560, 561, 562
268, 207, 199, 198, 563, 536, 562
269, 199, 207, 200, 563, 564, 538
270, 200, 207, 208, 564, 565, 566
271, 200, 208, 65, 566, 567, 568
272, 65, 66, 200, 84, 542, 568
273, 16, 17, 201, 35, 569, 543
274, 201, 17, 209, 569, 570, 571
275, 201, 209, 210, 571, 572, 573
276, 210, 202, 201, 574, 547, 573
277, 202, 210, 203, 574, 575, 549
278, 203, 210, 211, 575, 576, 577
279, 203, 211, 212, 577, 578, 579
280, 212, 204, 203, 580, 553, 579
281, 204, 212, 205, 580, 581, 555
282, 205, 212, 213, 581, 582, 583
283, 205, 213, 214, 583, 584, 585
284, 214, 206, 205, 586, 559, 585
285, 206, 214, 207, 586, 587, 561
286, 207, 214, 215, 587, 588, 589
287, 207, 215, 216, 589, 590, 591
288, 216, 208, 207, 592, 565, 591
289, 208, 216, 65, 592, 593, 567
290, 65, 216, 64, 593, 594, 83
291, 17, 18, 217, 36, 595, 596
292, 217, 209, 17, 597, 570, 596
293, 209, 217, 210, 597, 598, 572
294, 210, 217, 218, 598, 599, 600
295, 210, 218, 219, 600, 601, 602
296, 219, 211, 210, 603, 576, 602
297, 211, 219, 212, 603, 604, 578
298, 212, 219, 220, 604, 605, 606
299, 212, 220, 221, 606, 607, 608
300, 221, 213, 212, 609, 582, 608
301, 213, 221, 214, 609, 610, 584
302, 214, 221, 222, 610, 611, 612
303, 214, 222, 223, 612, 613, 614
304, 223, 215, 214, 615, 588, 614
305, 215, 223, 216, 615, 616, 590
306, 216, 223, 224, 616, 617, 618
307, 216, 224, 63, 618, 619, 620
308, 63, 64, 216, 82, 594, 620
309, 18, 19, 217, 37, 621, 595
310, 217, 19, 225, 621, 622, 623
311, 217, 225, 226, 623, 624, 625
312, 226, 218, 217, 626, 599, 625
313, 218, 226, 219, 626, 627, 601
314, 219, 226, 227, 627, 628, 629
315, 219, 227, 228, 629, 630, 631
316, 228, 220, 219, 632, 605, 631
317, 220, 228, 221, 632, 633, 607
318, 221, 228, 229, 633, 634, 635
319, 221, 229, 230, 635, 636, 637
320, 230, 222, 221, 638, 611, 637
321, 222, 230, 223, 638, 639, 613
322, 223, 230, 231, 639, 640, 641
323, 223, 231, 232, 641, 642, 643
324, 232, 224, 223, 644, 617, 643
325, 224, 232, 63, 644, 645, 619
326, 63, 232, 62, 645, 646, 81
327, 19, 20, 233, 38, 647, 648
328, 233, 225, 19, 649, 622, 648
329, 225, 233, 226, 649, 650, 624
330, 226, 233, 234, 650, 651, 652
331, 226, 234, 235, 652, 653, 654
332, 235, 227, 226, 655, 628, 654
333, 227, 235, 228, 655, 656, 630
334, 228, 235, 236, 656, 657, 658
335, 228, 236, 237, 658, 659, 660
336, 237, 229, 228, 661, 634, 660
337, 229, 237, 230, 661, 662, 636
338, 230, 237, 238, 662, 663, 664
339, 230, 238, 239, 664, 665, 666
340, 239, 231, 230, 667, 640, 666
341, 231, 239, 232, 667, 668, 642
342, 232, 239, 240, 668, 669, 670
343, 232, 240, 61, 670, 671, 672
344, 61, 62, 232, 80, 646, 672
345, 20, 21, 233, 39, 673, 647
346, 233, 21, 241, 673, 674, 675
347, 233, 241, 242, 675, 676, 677
348, 242, 234, 233, 678, 651, 677
349, 234, 242, 235, 678, 679, 653
350, 235, 242, 243, 679, 680, 681
351, 235, 243, 244, 681, 682, 683
352, 244, 236, 235, 684, 657, 683
353, 236, 244, 237, 684, 685, 659
354, 237, 244, 245, 685, 686, 687
355, 237, 245, 246, 687, 688, 689
356, 246, 238, 237, 690, 663, 689
357, 238, 246, 239, 690, 691, 665
358, 239, 246, 247, 691, 692, 693
359, 239, 247, 248, 693, 694, 695
360, 248, 240, 239, 696, 669, 695
361, 240, 248, 61, 696, 697, 671
362, 61, 248, 60, 697, 698, 79
363, 21, 22, 249, 40, 699, 700
364, 249, 241, 21, 701, 674, 700
365, 241, 249, 242, 701, 702, 676
366, 242, 249, 250, 702, 703, 704
367, 242, 250, 251, 704, 705, 706
368, 251, 243, 242, 707, 680, 706
369, 243, 251, 244, 707, 708, 682
370, 244, 251, 252, 708, 709, 710
371, 244, 252, 253, 710, 711, 712
372, 253, 245, 244, 713, 686, 712
373, 245, 253, 246, 713, 714, 688
374, 246, 253, 254, 714, 715, 716
375, 246, 254, 255, 716, 717, 718
376, 255, 247, 246, 719, 692, 718
377, 247, 255, 248, 719, 720, 694
378, 248, 255, 256, 720, 721, 722
379, 248, 256, 59, 722, 723, 724
380, 59, 60, 248, 78, 698, 724
381, 22, 2, 249, 41, 725, 699
382, 249, 2, 42, 725, 50, 726
383, 249, 42, 43, 726, 51, 727
384, 43, 250, 249, 728, 703, 727
385, 250, 43, 251, 728, 729, 705
386, 251, 43, 44, 729, 52, 730
387, 251, 44, 45, 730, 53, 731
388, 45, 252, 251, 732, 709, 731
389, 252, 45, 253, 732, 733, 711
390, 253, 45, 46, 733, 54, 734
391, 253, 46, 47, 734, 55, 735
392, 47, 254, 253, 736, 715, 735
393, 254, 47, 255, 736, 737, 717
394, 255, 47, 48, 737, 56, 738
395, 255, 48, 49, 738, 57, 739
396, 49, 256, 255, 740, 721, 739
397, 256, 49, 59, 740, 741, 723
398, 59, 49, 3, 741, 58, 77
*ELSET,ELSET=PhysicalLine1
1, 2, 3, 4, 5, 6, 7, 8, 9, 10, 
11, 12, 13, 14, 15, 16, 17, 18, 19, 
*ELSET,ELSET=PhysicalLine2
20, 21, 22, 23, 24, 25, 26, 27, 28, 
*ELSET,ELSET=PhysicalLine3
29, 30, 31, 32, 33, 34, 35, 36, 37, 38, 
39, 40, 41, 42, 43, 44, 45, 46, 47, 
*ELSET,ELSET=PhysicalLine4
48, 49, 50, 51, 52, 53, 54, 55, 56, 
*ELSET,ELSET=PhysicalSurface6
57, 58, 59, 60, 61, 62, 63, 64, 65, 66, 
67, 68, 69, 70, 71, 72, 73, 74, 75, 76, 
77, 78, 79, 80, 81, 82, 83, 84, 85, 86, 
87, 88, 89, 90, 91, 92, 93, 94, 95, 96, 
97, 98, 99, 100, 101, 102, 103, 104, 105, 106, 
107, 108, 109, 110, 111, 112, 113, 114, 115, 116, 
117, 118, 119, 120, 121, 122, 123, 124, 125, 126, 
127, 128, 129, 130, 131, 132, 133, 134, 135, 136, 
137, 138, 139, 140, 141, 142, 143, 144, 145, 146, 
147, 148, 149, 150, 151, 152, 153, 154, 155, 156, 
157, 158, 159, 160, 161, 162, 163, 164, 165, 166, 
167, 168, 169, 170, 171, 172, 173, 174, 175, 176, 
177, 178, 179, 180, 181, 182, 183, 184, 185, 186, 
187, 188, 189, 190, 191, 192, 193, 194, 195, 196, 
197, 198, 199, 200, 201, 202, 203, 204, 205, 206, 
207, 208, 209, 210, 211, 212, 213, 214, 215, 216, 
217, 218, 219, 220, 221, 222, 223, 224, 225, 226, 
227, 228, 229, 230, 231, 232, 233, 234, 235, 236, 
237, 238, 239, 240, 241, 242, 243, 244, 245, 246, 
247, 248, 249, 250, 251, 252, 253, 254, 255, 256, 
257, 258, 259, 260, 261, 262, 263, 264, 265, 266, 
267, 268, 269, 270, 271, 272, 273, 274, 275, 276, 
277, 278, 279, 280, 281, 282, 283, 284, 285, 286, 
287, 288, 289, 290, 291, 292, 293, 294, 295, 296, 
297, 298, 299, 300, 301, 302, 303, 304, 305, 306, 
307, 308, 309, 310, 311, 312, 313, 314, 315, 316, 
317, 318, 319, 320, 321, 322, 323, 324, 325, 326, 
327, 328, 329, 330, 331, 332, 333, 334, 335, 336, 
337, 338, 339, 340, 341, 342, 343, 344, 345, 346, 
347, 348, 349, 350, 351, 352, 353, 354, 355, 356, 
357, 358, 359, 360, 361, 362, 363, 364, 365, 366, 
367, 368, 369, 370, 371, 372, 373, 374, 375, 376, 
377, 378, 379, 380, 381, 382, 383, 384, 385, 386, 
387, 388, 389, 390, 391, 392, 393, 394, 395, 396, 
397, 398, 
*NSET,NSET=PhysicalLine1
1, 2, 5, 6, 7, 8, 9, 10, 11, 12, 
13, 14, 15, 16, 17, 18, 19, 20, 21, 22, 
23, 24, 25, 26, 27, 28, 29, 30, 31, 32, 
33, 34, 35, 36, 37, 38, 39, 40, 41, 
*NSET,NSET=PhysicalLine2
2, 3, 42, 43, 44, 45, 46, 47, 48, 49, 
50, 51, 52, 53, 54, 55, 56, 57, 58, 
*NSET,NSET=PhysicalLine3
3, 4, 59, 60, 61, 62, 63, 64, 65, 66, 
67, 68, 69, 70, 71, 72, 73, 74, 75, 76, 
77, 78, 79, 80, 81, 82, 83, 84, 85, 86, 
87, 88, 89, 90, 91, 92, 93, 94, 95, 
*NSET,NSET=PhysicalLine4
1, 4, 96, 97, 98, 99, 100, 101, 102, 103, 
104, 105, 106, 107, 108, 109, 110, 111, 112, 
*NSET,NSET=PhysicalSurface6
1, 2, 3, 4, 5, 6, 7, 8, 9, 10, 
11, 12, 13, 14, 15, 16, 17, 18, 19, 20, 
21, 22, 23, 24, 25, 26, 27, 28, 29, 30, 
31, 32, 33, 34, 35, 36, 37, 38, 39, 40, 
41, 42, 43, 44, 45, 46, 47, 48, 49, 50, 
51, 52, 53, 54, 55, 56, 57, 58, 59, 60, 
61, 62, 63, 64, 65, 66, 67, 68, 69, 70, 
71, 72, 73, 74, 75, 76, 77, 78, 79, 80, 
81, 82, 83, 84, 85, 86, 87, 88, 89, 90, 
91, 92, 93, 94, 95, 96, 97, 98, 99, 100, 
101, 102, 103, 104, 105, 106, 107, 108, 109, 110, 
111, 112, 113, 114, 115, 116, 117, 118, 119, 120, 
121, 122, 123, 124, 125, 126, 127, 128, 129, 130, 
131, 132, 133, 134, 135, 136, 137, 138, 139, 140, 
141, 142, 143, 144, 145, 146, 147, 148, 149, 150, 
151, 152, 153, 154, 155, 156, 157, 158, 159, 160, 
161, 162, 163, 164, 165, 166, 167, 168, 169, 170, 
171, 172, 173, 174, 175, 176, 177, 178, 179, 180, 
181, 182, 183, 184, 185, 186, 187, 188, 189, 190, 
191, 192, 193, 194, 195, 196, 197, 198, 199, 200, 
201, 202, 203, 204, 205, 206, 207, 208, 209, 210, 
211, 212, 213, 214, 215, 216, 217, 218, 219, 220, 
221, 222, 223, 224, 225, 226, 227, 228, 229, 230, 
231, 232, 233, 234, 235, 236, 237, 238, 239, 240, 
241, 242, 243, 244, 245, 246, 247, 248, 249, 250, 
251, 252, 253, 254, 255, 256, 257, 258, 259, 260, 
261, 262, 263, 264, 265, 266, 267, 268, 269, 270, 
271, 272, 273, 274, 275, 276, 277, 278, 279, 280, 
281, 282, 283, 284, 285, 286, 287, 288, 289, 290, 
291, 292, 293, 294, 295, 296, 297, 298, 299, 300, 
301, 302, 303, 304, 305, 306, 307, 308, 309, 310, 
311, 312, 313, 314, 315, 316, 317, 318, 319, 320, 
321, 322, 323, 324, 325, 326, 327, 328, 329, 330, 
331, 332, 333, 334, 335, 336, 337, 338, 339, 340, 
341, 342, 343, 344, 345, 346, 347, 348, 349, 350, 
351, 352, 353, 354, 355, 356, 357, 358, 359, 360, 
361, 362, 363, 364, 365, 366, 367, 368, 369, 370, 
371, 372, 373, 374, 375, 376, 377, 378, 379, 380, 
381, 382, 383, 384, 385, 386, 387, 388, 389, 390, 
391, 392, 393, 394, 395, 396, 397, 398, 399, 400, 
401, 402, 403, 404, 405, 406, 407, 408, 409, 410, 
411, 412, 413, 414, 415, 416, 417, 418, 419, 420, 
421, 422, 423, 424, 425, 426, 427, 428, 429, 430, 
431, 432, 433, 434, 435, 436, 437, 438, 439, 440, 
441, 442, 443, 444, 445, 446, 447, 448, 449, 450, 
451, 452, 453, 454, 455, 456, 457, 458, 459, 460, 
461, 462, 463, 464, 465, 466, 467, 468, 469, 470, 
471, 472, 473, 474, 475, 476, 477, 478, 479, 480, 
481, 482, 483, 484, 485, 486, 487, 488, 489, 490, 
491, 492, 493, 494, 495, 496, 497, 498, 499, 500, 
501, 502, 503, 504, 505, 506, 507, 508, 509, 510, 
511, 512, 513, 514, 515, 516, 517, 518, 519, 520, 
521, 522, 523, 524, 525, 526, 527, 528, 529, 530, 
531, 532, 533, 534, 535, 536, 537, 538, 539, 540, 
541, 542, 543, 544, 545, 546, 547, 548, 549, 550, 
551, 552, 553, 554, 555, 556, 557, 558, 559, 560, 
561, 562, 563, 564, 565, 566, 567, 568, 569, 570, 
571, 572, 573, 574, 575, 576, 577, 578, 579, 580, 
581, 582, 583, 584, 585, 586, 587, 588, 589, 590, 
591, 592, 593, 594, 595, 596, 597, 598, 599, 600, 
601, 602, 603, 604, 605, 606, 607, 608, 609, 610, 
611, 612, 613, 614, 615, 616, 617, 618, 619, 620, 
621, 622, 623, 624, 625, 626, 627, 628, 629, 630, 
631, 632, 633, 634, 635, 636, 637, 638, 639, 640, 
641, 642, 643, 644, 645, 646, 647, 648, 649, 650, 
651, 652, 653, 654, 655, 656, 657, 658, 659, 660, 
661, 662, 663, 664, 665, 666, 667, 668, 669, 670, 
671, 672, 673, 674, 675, 676, 677, 678, 679, 680, 
681, 682, 683, 684, 685, 686, 687, 688, 689, 690, 
691, 692, 693, 694, 695, 696, 697, 698, 699, 700, 
701, 702, 703, 704, 705, 706, 707, 708, 709, 710, 
711, 712, 713, 714, 715, 716, 717, 718, 719, 720, 
721, 722, 723, 724, 725, 726, 727, 728, 729, 730, 
731, 732, 733, 734, 735, 736, 737, 738, 739, 740, 
741, 
