*Heading
 /Users/mukherjee/Dropbox/Teaching/ME676/Codes/Gmsh_files/Project_mesh/mesh4n_pane
*NODE
1, -1, -0.5, 0
2, 1, -0.5, 0
3, 1, 0.5, 0
4, -1, 0.5, 0
5, 0, -0.15, 0
6, 0, 0.15, 0
7, -0.15, 0, 0
8, 0.15, 0, 0
9, -0.5, -0.4, 0
10, -0.5, -0.2, 0
11, -0.6, -0.3, 0
12, -0.4, -0.3, 0
13, 0.5, -0.4, 0
14, 0.5, -0.2, 0
15, 0.4, -0.3, 0
16, 0.6, -0.3, 0
17, -0.5, 0.2, 0
18, -0.5, 0.4, 0
19, -0.6, 0.3, 0
20, -0.4, 0.3, 0
21, 0.5, 0.2, 0
22, 0.5, 0.4, 0
23, 0.4, 0.3, 0
24, 0.6, 0.3, 0
25, -0.95000000000014, -0.5, 0
26, -0.90000000000028, -0.5, 0
27, -0.85000000000042, -0.5, 0
28, -0.80000000000055, -0.5, 0
29, -0.75000000000069, -0.5, 0
30, -0.70000000000083, -0.5, 0
31, -0.65000000000097, -0.5, 0
32, -0.60000000000111, -0.5, 0
33, -0.55000000000125, -0.5, 0
34, -0.50000000000139, -0.5, 0
35, -0.45000000000153, -0.5, 0
36, -0.40000000000166, -0.5, 0
37, -0.3500000000018, -0.5, 0
38, -0.30000000000194, -0.5, 0
39, -0.25000000000208, -0.5, 0
40, -0.20000000000222, -0.5, 0
41, -0.15000000000236, -0.5, 0
42, -0.1000000000025, -0.5, 0
43, -0.050000000002635, -0.5, 0
44, -2.7522428780458e-12, -0.5, 0
45, 0.049999999997365, -0.5, 0
46, 0.099999999997503, -0.5, 0
47, 0.14999999999764, -0.5, 0
48, 0.19999999999778, -0.5, 0
49, 0.24999999999792, -0.5, 0
50, 0.29999999999806, -0.5, 0
51, 0.3499999999982, -0.5, 0
52, 0.39999999999834, -0.5, 0
53, 0.44999999999847, -0.5, 0
54, 0.49999999999861, -0.5, 0
55, 0.54999999999875, -0.5, 0
56, 0.59999999999889, -0.5, 0
57, 0.64999999999903, -0.5, 0
58, 0.69999999999917, -0.5, 0
59, 0.74999999999931, -0.5, 0
60, 0.79999999999945, -0.5, 0
61, 0.84999999999958, -0.5, 0
62, 0.89999999999972, -0.5, 0
63, 0.94999999999986, -0.5, 0
64, 1, -0.45000000000014, 0
65, 1, -0.40000000000028, 0
66, 1, -0.35000000000042, 0
67, 1, -0.30000000000055, 0
68, 1, -0.25000000000069, 0
69, 1, -0.20000000000083, 0
70, 1, -0.15000000000097, 0
71, 1, -0.10000000000111, 0
72, 1, -0.050000000001248, 0
73, 1, -1.3761214390229e-12, 0
74, 1, 0.049999999998752, 0
75, 1, 0.09999999999889, 0
76, 1, 0.14999999999903, 0
77, 1, 0.19999999999917, 0
78, 1, 0.24999999999931, 0
79, 1, 0.29999999999945, 0
80, 1, 0.34999999999958, 0
81, 1, 0.39999999999972, 0
82, 1, 0.44999999999986, 0
83, 0.95000000000014, 0.5, 0
84, 0.90000000000028, 0.5, 0
85, 0.85000000000042, 0.5, 0
86, 0.80000000000055, 0.5, 0
87, 0.75000000000069, 0.5, 0
88, 0.70000000000083, 0.5, 0
89, 0.65000000000097, 0.5, 0
90, 0.60000000000111, 0.5, 0
91, 0.55000000000125, 0.5, 0
92, 0.50000000000139, 0.5, 0
93, 0.45000000000153, 0.5, 0
94, 0.40000000000166, 0.5, 0
95, 0.3500000000018, 0.5, 0
96, 0.30000000000194, 0.5, 0
97, 0.25000000000208, 0.5, 0
98, 0.20000000000222, 0.5, 0
99, 0.15000000000236, 0.5, 0
100, 0.1000000000025, 0.5, 0
101, 0.050000000002635, 0.5, 0
102, 2.7522428780458e-12, 0.5, 0
103, -0.049999999997365, 0.5, 0
104, -0.099999999997503, 0.5, 0
105, -0.14999999999764, 0.5, 0
106, -0.19999999999778, 0.5, 0
107, -0.24999999999792, 0.5, 0
108, -0.29999999999806, 0.5, 0
109, -0.3499999999982, 0.5, 0
110, -0.39999999999834, 0.5, 0
111, -0.44999999999847, 0.5, 0
112, -0.49999999999861, 0.5, 0
113, -0.54999999999875, 0.5, 0
114, -0.59999999999889, 0.5, 0
115, -0.64999999999903, 0.5, 0
116, -0.69999999999917, 0.5, 0
117, -0.74999999999931, 0.5, 0
118, -0.79999999999945, 0.5, 0
119, -0.84999999999958, 0.5, 0
120, -0.89999999999972, 0.5, 0
121, -0.94999999999986, 0.5, 0
122, -1, 0.45000000000014, 0
123, -1, 0.40000000000028, 0
124, -1, 0.35000000000042, 0
125, -1, 0.30000000000055, 0
126, -1, 0.25000000000069, 0
127, -1, 0.20000000000083, 0
128, -1, 0.15000000000097, 0
129, -1, 0.10000000000111, 0
130, -1, 0.050000000001248, 0
131, -1, 1.3761214390229e-12, 0
132, -1, -0.049999999998752, 0
133, -1, -0.09999999999889, 0
134, -1, -0.14999999999903, 0
135, -1, -0.19999999999917, 0
136, -1, -0.24999999999931, 0
137, -1, -0.29999999999945, 0
138, -1, -0.34999999999958, 0
139, -1, -0.39999999999972, 0
140, -1, -0.44999999999986, 0
141, -0.038822856866562, -0.14488887391625, 0
142, -0.075000000178762, -0.12990381046446, 0
143, -0.1060660174206, -0.10606601693536, 0
144, -0.12990381069325, -0.074999999782486, 0
145, -0.14488887397608, -0.038822856643264, 0
146, -0.14488887391625, 0.038822856866562, 0
147, -0.12990381046446, 0.075000000178762, 0
148, -0.10606601693536, 0.1060660174206, 0
149, -0.074999999782486, 0.12990381069325, 0
150, -0.038822856643264, 0.14488887397608, 0
151, 0.038822856866562, 0.14488887391625, 0
152, 0.075000000178762, 0.12990381046446, 0
153, 0.1060660174206, 0.10606601693536, 0
154, 0.12990381069325, 0.074999999782486, 0
155, 0.14488887397608, 0.038822856643264, 0
156, 0.14488887391625, -0.038822856866562, 0
157, 0.12990381046446, -0.075000000178762, 0
158, 0.10606601693536, -0.1060660174206, 0
159, 0.074999999782486, -0.12990381069325, 0
160, 0.038822856643264, -0.14488887397608, 0
161, -0.53826834326083, -0.39238795324105, 0
162, -0.57071067825343, -0.37071067798388, 0
163, -0.59238795328892, -0.33826834314527, 0
164, -0.5923879531983, -0.26173165663594, 0
165, -0.57071067799115, -0.22928932175384, 0
166, -0.53826834302098, -0.2076120466596, 0
167, -0.46173165668286, -0.20761204678227, 0
168, -0.4292893217271, -0.22928932203559, 0
169, -0.40761204671635, -0.26173165684201, 0
170, -0.40761204678447, -0.33826834332244, 0
171, -0.42928932198488, -0.37071067822219, 0
172, -0.46173165680959, -0.39238795327022, 0
173, 0.46173165675782, -0.39238795324878, 0
174, 0.42928932175724, -0.37071067799455, 0
175, 0.40761204671116, -0.33826834314547, 0
176, 0.40761204678659, -0.26173165667242, 0
177, 0.42928932200084, -0.22928932176185, 0
178, 0.46173165680639, -0.2076120467311, 0
179, 0.5382683433084, -0.20761204677865, 0
180, 0.57071067826288, -0.22928932202557, 0
181, 0.59238795327975, -0.26173165683259, 0
182, 0.59238795320043, -0.33826834335892, 0
183, 0.57071067800711, -0.3707106782302, 0
184, 0.53826834301778, -0.39238795334173, 0
185, -0.5382683433084, 0.20761204677865, 0
186, -0.57071067826288, 0.22928932202557, 0
187, -0.59238795327975, 0.26173165683259, 0
188, -0.59238795320043, 0.33826834335892, 0
189, -0.57071067800711, 0.3707106782302, 0
190, -0.53826834301778, 0.39238795334173, 0
191, -0.46173165675782, 0.39238795324878, 0
192, -0.42928932175724, 0.37071067799455, 0
193, -0.40761204671116, 0.33826834314547, 0
194, -0.40761204678659, 0.26173165667242, 0
195, -0.42928932200084, 0.22928932176185, 0
196, -0.46173165680639, 0.2076120467311, 0
197, 0.46173165668286, 0.20761204678227, 0
198, 0.4292893217271, 0.22928932203559, 0
199, 0.40761204671635, 0.26173165684201, 0
200, 0.40761204678447, 0.33826834332244, 0
201, 0.42928932198488, 0.37071067822219, 0
202, 0.46173165680959, 0.39238795327022, 0
203, 0.53826834326083, 0.39238795324105, 0
204, 0.57071067825343, 0.37071067798388, 0
205, 0.59238795328892, 0.33826834314527, 0
206, 0.5923879531983, 0.26173165663594, 0
207, 0.57071067799115, 0.22928932175384, 0
208, 0.53826834302098, 0.2076120466596, 0
209, -0.57795034464746, 0.18535475737858, 0
210, 0.57973618977836, -0.19566469394733, 0
211, -0.57796714233832, -0.18768460275815, 0
212, 0.57445001046943, 0.17993052956203, 0
213, 0.46177850312451, -0.171430704592, 0
214, -0.47065782477427, 0.17509599805383, 0
215, 0.95542634049989, -0.03945966225058, 0
216, -0.95583736840091, 0.011491223443088, 0
217, -0.18905065528113, -0.022184780171192, 0
218, 0.17600443762793, 0.023756288831016, 0
219, 0.11044520849357, -0.14789666498782, 0
220, -0.1057909073463, 0.14444220849725, 0
221, -0.10869685899761, -0.14410097034942, 0
222, 0.10956701264947, 0.15126285891204, 0
223, 0.4754805415414, 0.16631109646057, 0
224, -0.4791819180426, -0.15812093185356, 0
225, 0.62180459774326, -0.2529622008273, 0
226, -0.63493086724353, 0.2615174908387, 0
227, -0.62183233906627, -0.26443323209751, 0
228, 0.6274766034545, 0.25761370573496, 0
229, 0.95711598593239, 0.1076279667912, 0
230, -0.95775928065845, -0.14060945390463, 0
231, -0.18148750048209, 0.062526144702577, 0
232, 0.95846337955085, -0.1759927464295, 0
233, -0.95687397135833, 0.16092640000863, 0
234, 0.36240248952319, -0.2644897153995, 0
235, -0.36507127801235, 0.26446391186439, 0
236, -0.37566412884944, -0.27488284327481, 0
237, 0.35704393209218, 0.27316562350209, 0
238, 0.037270519657456, -0.17788608946414, 0
239, -0.016817203347288, 0.17780031537513, 0
240, 0.96417669619616, 0.27860711446694, 0
241, -0.95816478771395, -0.28077953349909, 0
242, 0.168809697646, -0.45249497150536, 0
243, -0.19059809114789, 0.45559336662474, 0
244, -0.16252388602097, -0.45314323472989, 0
245, 0.16549903875315, 0.45582673003574, 0
246, 0.84271882163619, -0.43698985336552, 0
247, -0.80438763892304, 0.45745076414606, 0
248, -0.001198625462592, -0.45656192643064, 0
249, 0.0017139558021577, 0.45057407365047, 0
250, 0.77178245947627, 0.46097440514614, 0
251, -0.76871241332714, -0.44792615602547, 0
252, 0.95321041350052, -0.3214582152586, 0
253, -0.95458359977091, 0.30797152364725, 0
254, 0.075764375543189, -0.46125656264932, 0
255, -0.092561976097693, 0.45462518263677, 0
256, 0.26428855847521, -0.45794517373678, 0
257, -0.28082490102353, 0.4604077478504, 0
258, -0.25465957318196, -0.45792072200246, 0
259, 0.26083495427824, 0.45393120199603, 0
260, 0.7431745762186, -0.45846362137744, 0
261, -0.71258682525208, 0.45496580740968, 0
262, 0.95654733581048, 0.37147200099366, 0
263, -0.6812780147643, -0.46150426149972, 0
264, 0.68504195072918, 0.44697416735865, 0
265, 0.37395213837398, -0.37780213261153, 0
266, -0.39561183910097, 0.38958561776694, 0
267, -0.38909038807214, -0.37172623486609, 0
268, 0.38016265429803, 0.38700724227183, 0
269, 0.61733055805947, -0.3825158537945, 0
270, -0.61023679843807, 0.37200281403845, 0
271, -0.86967509650653, -0.4599170183642, 0
272, 0.85606826059877, 0.45496297991699, 0
273, -0.61735001609018, -0.37758709744166, 0
274, 0.61077317085131, 0.38435502507113, 0
275, 0.9252325130105, -0.45715264243822, 0
276, -0.90142793039438, 0.45480314267206, 0
277, -0.43203922971962, -0.17838607783709, 0
278, -0.42269972242488, -0.1393126077756, 0
279, -0.38388212443538, -0.15149450985778, 0
280, -0.40812837162665, -0.10788831252628, 0
281, -0.44279029740248, -0.092419318108594, 0
282, -0.42477561096422, -0.064363028803152, 0
283, -0.47508350012032, -0.072622746178285, 0
284, -0.36993569400574, -0.12053204003402, 0
285, -0.45189573044881, -0.045514941385391, 0
286, -0.4764561435033, -0.023328318962929, 0
287, -0.50351565713393, -0.047590402023825, 0
288, -0.52634328905122, -0.019149609793649, 0
289, -0.5563357672043, -0.036471149697886, 0
290, -0.56448483921248, -0.013637287082951, 0
291, -0.59090062893252, -0.041368728197581, 0
292, -0.58792686033347, -0.0095162466637475, 0
293, -0.62877617567257, -0.037596756766001, 0
294, -0.62166403070888, -0.0026064473712096, 0
295, -0.6675965396936, -0.03079149312189, 0
296, -0.65879692963402, 0.006119795141197, 0
297, -0.70602396555229, -0.024809134124407, 0
298, -0.69863624373649, 0.015047935712716, 0
299, -0.71145186338697, -0.060028381169092, 0
300, -0.73711859696051, -0.054776861745426, 0
301, -0.7227258784838, -0.093529721693126, 0
302, -0.6825001834244, 0.05617221092888, 0
303, -0.72232242244289, 0.074346298165931, 0
304, -0.76139631037453, 0.094257407231937, 0
305, -0.45709035018098, -0.0058729225039715, 0
306, -0.42580847199344, -0.017713858905086, 0
307, -0.75059289335904, 0.021592567818628, 0
308, -0.54868206082106, 0.004848537824709, 0
309, -0.75576837073137, -0.07699105386248, 0
310, -0.7334408269326, -0.12966505292978, 0
311, -0.74307921315816, 0.13299212252367, 0
312, -0.77358353738205, 0.13869763868699, 0
313, -0.60993559731906, 0.030234080318116, 0
314, -0.42416033405874, 0.029835154427124, 0
315, -0.37948762313986, 0.017370992743195, 0
316, -0.79417580139755, 0.11500015174947, 0
317, -0.73591496402709, 0.17274038661803, 0
318, -0.78699724550471, 0.17077626331467, 0
319, -0.77422830539408, 0.22008365640052, 0
320, -0.76084495210735, 0.25987905535108, 0
321, -0.40441136126353, 0.054926579410253, 0
322, -0.37617150693693, 0.051777720952482, 0
323, -0.33636404810794, 0.046985134097778, 0
324, -0.33199281929147, 0.093977310813824, 0
325, -0.33909126775568, 0.010491345450781, 0
326, -0.32935324253546, -0.13145924603984, 0
327, -0.33952372428207, -0.17037959434108, 0
328, -0.28886667035187, -0.13992871686429, 0
329, -0.29014954630197, -0.17402717145589, 0
330, -0.25266885103057, -0.14667211083616, 0
331, -0.2524610250847, -0.17772723307863, 0
332, -0.6921503744315, -0.13780443756745, 0
333, -0.73660127695332, -0.16806099137931, 0
334, -0.77152172623077, -0.16161876793384, 0
335, -0.28777413591382, 0.07450401783047, 0
336, -0.2985567914739, 0.12887871889326, 0
337, -0.79169875609971, -0.19611726012334, 0
338, -0.7812488430245, -0.25071344078914, 0
339, -0.79515768636562, 0.27442891399056, 0
340, -0.77819802152324, 0.29875145089626, 0
341, -0.35469927834065, 0.13618296201812, 0
342, -0.32310353534166, 0.15781711960441, 0
343, -0.29766828986345, 0.18493063306695, 0
344, -0.26522634306015, 0.15875795091212, 0
345, -0.28169867534599, 0.20675984805131, 0
346, -0.25517197403701, 0.20270373274243, 0
347, -0.25508897637146, 0.23963366692257, 0
348, -0.22253631728885, 0.24421548633915, 0
349, -0.22949906766464, 0.2682628344289, 0
350, -0.1926303321234, 0.26064186345751, 0
351, -0.21315491698055, 0.28638222140368, 0
352, -0.16213168017635, 0.2854892663531, 0
353, -0.24056992174225, 0.30340295111947, 0
354, -0.63342272555973, -0.075518053852912, 0
355, -0.28411502870019, -0.21042771046223, 0
356, -0.24458346610122, -0.21328813834112, 0
357, -0.26839098326671, -0.26236920773829, 0
358, -0.23231693280563, -0.25290155962595, 0
359, -0.25419993982412, -0.30297272625187, 0
360, -0.21868917206388, -0.29266646666311, 0
361, -0.1988112843102, -0.24349693158884, 0
362, -0.18488227590325, -0.28030271347002, 0
363, -0.15322249113462, -0.26377918179168, 0
364, -0.13758126093363, -0.30043635973597, 0
365, -0.10535027060202, -0.27875570855617, 0
366, -0.087920362121991, -0.31663899634641, 0
367, -0.054827563438388, -0.29392864985438, 0
368, -0.02923803420919, -0.33240777503008, 0
369, -0.011919037124193, -0.30187873816751, 0
370, -0.2817819656765, -0.10651881520197, 0
371, 0.014330933754197, -0.33916066677105, 0
372, 0.016290736193661, -0.30318370756242, 0
373, -0.82556210819485, 0.29412075621271, 0
374, -0.69356349318, 0.12250476030822, 0
375, -0.2282089626434, -0.15210382947543, 0
376, -0.824155468037, -0.14784986416697, 0
377, -0.73916381718939, -0.24994375574224, 0
378, -0.77162080201914, -0.2828591287959, 0
379, -0.44681762650861, 0.066565126236035, 0
380, -0.8619744846303, -0.17052833186098, 0
381, -0.24125227419683, -0.34161532420784, 0
382, -0.83262379048898, 0.18417658875779, 0
383, -0.7411034948513, -0.28899704380179, 0
384, -0.74416459474679, -0.32794932552428, 0
385, -0.7928074710313, -0.31333709258963, 0
386, -0.69229674348502, -0.17248578517423, 0
387, -0.14185339097798, 0.2515747164424, 0
388, -0.11096576866792, 0.27120581467713, 0
389, -0.1218057355151, 0.31590295190004, 0
390, -0.085884293124589, 0.3098534367241, 0
391, -0.70239223337337, -0.3346344411694, 0
392, -0.22312019964787, 0.15340714644395, 0
393, 0.05669134636268, -0.34438535445296, 0
394, 0.057444911364002, -0.30438553783063, 0
395, 0.10264921318468, -0.35104304769762, 0
396, 0.10963308479459, -0.30405271298959, 0
397, 0.091510371515532, -0.26171320460605, 0
398, 0.13519034759289, -0.28186570337279, 0
399, 0.15829747390324, -0.32208756015547, 0
400, 0.16402489060453, -0.28806354104291, 0
401, 0.20167281294002, -0.33065822632839, 0
402, 0.2038468645225, -0.29431014999767, 0
403, 0.20111647425859, -0.25816121496323, 0
404, 0.24170912706498, -0.26280121229472, 0
405, 0.23464988714392, -0.22576548649596, 0
406, 0.24513864467327, -0.29930406241801, 0
407, 0.27514593423593, -0.22878892741701, 0
408, 0.26656851836926, -0.19064819643717, 0
409, 0.30973781537328, -0.18832837022748, 0
410, 0.29100560591887, -0.15085103494916, 0
411, 0.32685547613107, -0.16200354552675, 0
412, 0.31786751063593, -0.14076896541175, 0
413, 0.34326552006922, -0.1299859037957, 0
414, 0.33573577477567, -0.10920494549714, 0
415, 0.37044618050414, -0.11687040105161, 0
416, 0.35285204400048, -0.091304988061104, 0
417, 0.4024732088981, -0.10324286414691, 0
418, 0.38618173847664, -0.061933193108512, 0
419, 0.43673147834878, -0.059207170822388, 0
420, 0.43736755446433, -0.021108602916142, 0
421, 0.39522157663477, -0.016268910352834, 0
422, 0.32616174925929, -0.073964510881519, 0
423, 0.40115731861625, 0.021424721303246, 0
424, 0.36259721891138, 0.026918499986153, 0
425, 0.3706239558209, 0.062127727669995, 0
426, 0.33529047937311, 0.068673082683313, 0
427, 0.40560256497126, 0.056408751120281, 0
428, 0.38238634782856, 0.094270036036527, 0
429, 0.34070119927523, 0.11108728001178, 0
430, 0.32580182577305, 0.033961010632177, 0
431, 0.47709818042233, -0.060827023410902, 0
432, 0.47756692142931, -0.025495463548223, 0
433, 0.51322567537569, -0.064375548642571, 0
434, 0.51605154560619, -0.031083501798817, 0
435, 0.51685166647347, 0.0053504212566754, 0
436, 0.5603028935587, 0.0058722540158811, 0
437, 0.55905329248488, -0.044000955243657, 0
438, 0.59242882256293, -0.0081319873957868, 0
439, 0.60169284520272, -0.034690480963658, 0
440, 0.63366144993907, -0.020836053860374, 0
441, 0.65964658061617, -0.056645091771325, 0
442, 0.67613850928178, -0.027218548779308, 0
443, 0.70146871984197, -0.063873718878093, 0
444, 0.70195256765532, -0.026210442337344, 0
445, 0.69325401184214, 0.011906251695423, 0
446, 0.72880658690663, -0.06455443369476, 0
447, 0.72952714509144, 0.026483725228832, 0
448, 0.69977074175904, -0.111268388373, 0
449, 0.7428304815574, -0.093555396553111, 0
450, 0.76589739250011, 0.043943740890837, 0
451, 0.7552519609055, 0.084532949962533, 0
452, 0.67304613708148, 0.049266013411026, 0
453, 0.78413313878051, 0.0025889693638957, 0
454, 0.5884658880671, 0.033838621113209, 0
455, 0.72429611259475, -0.1548304842418, 0
456, 0.76634331330736, -0.13990155676258, 0
457, 0.80024164483207, -0.1034004327978, 0
458, 0.73571091956092, -0.18214757092971, 0
459, 0.76074263041275, -0.18827905238353, 0
460, 0.74769095769694, -0.22632352248248, 0
461, 0.77705816767108, -0.24693449649639, 0
462, 0.76102942230534, -0.27481174329507, 0
463, 0.81634825175911, 0.030680860516024, 0
464, 0.80176009356724, -0.27698097111675, 0
465, 0.77294574504948, -0.30337278137136, 0
466, 0.36922892959503, 0.14588437217655, 0
467, 0.31543528199343, 0.14680476614525, 0
468, 0.29911193020742, 0.096901109938562, 0
469, 0.28405879116679, 0.12991260019169, 0
470, 0.24581295948017, 0.11345243563614, 0
471, 0.24193501787657, 0.14525408711602, 0
472, 0.26657007836596, 0.16750128471237, 0
473, 0.22619609377905, 0.1855506988016, 0
474, 0.23430593308093, 0.22134764069096, 0
475, 0.19458873208674, 0.22970602330491, 0
476, 0.2372082195368, 0.25873395395075, 0
477, 0.19663279629552, 0.26491895192335, 0
478, 0.23755417684555, 0.29536496116427, 0
479, 0.19631120819017, 0.30108839921282, 0
480, 0.15771455304954, 0.26899381273957, 0
481, 0.15400195412333, 0.30524713131115, 0
482, 0.12311650685186, 0.26440420059002, 0
483, 0.10434213866936, 0.30611006734333, 0
484, 0.077443503777654, 0.28162992338588, 0
485, 0.059569403577936, 0.33013846752846, 0
486, 0.82356872379523, -0.31468691925159, 0
487, 0.22773869769006, -0.18776020751368, 0
488, 0.28464857799226, -0.12688475016174, 0
489, 0.80228708657026, -0.20077745312644, 0
490, 0.046890049792889, 0.29088266886237, 0
491, 0.83859923971688, -0.0069041709995997, 0
492, 0.69662758912955, -0.17800827640941, 0
493, 0.61701289743295, -0.072213121824911, 0
494, 0.19436528536588, 0.33749221169762, 0
495, 0.2362162557259, 0.33221650666572, 0
496, 0.021082741568056, 0.34857758537436, 0
497, -0.84251382038946, 0.26709418557683, 0
498, 0.34063837748169, 0.16861636940203, 0
499, -0.22134056395995, 0.33486540621577, 0
500, -0.25811422362375, 0.35026305936529, 0
501, -0.54050889770836, -0.077894710969356, 0
502, 0.8749538114668, 0.023178454324427, 0
503, 0.84520055333301, 0.060838101350922, 0
504, -0.35798545733423, -0.088527177679272, 0
505, 0.85598868434962, -0.28194349574224, 0
506, -0.12122200680245, -0.33816335488032, 0
507, -0.29029508167226, -0.31433329064112, 0
508, -0.071451872962983, -0.2562331096573, 0
509, -0.79161674889382, 0.33079836421823, 0
510, -0.74307048032787, 0.33177973697084, 0
511, -0.84300525212028, 0.36051219716898, 0
512, -0.7305519756637, 0.21308632897859, 0
513, 0.20809427041167, 0.1216366868495, 0
514, 0.041978403871928, 0.24932011246445, 0
515, -0.080152617248708, 0.2824056577618, 0
516, -0.34393192893753, 0.18647281218239, 0
517, -0.16887969076361, -0.22968620360309, 0
518, 0.12590545863289, -0.25585106706057, 0
519, 0.74158902805203, -0.32269725960824, 0
520, 0.1893702807848, 0.19604540919756, 0
521, 0.70878346561911, -0.34111422683911, 0
522, 0.27696841329687, 0.25399950217903, 0
523, -0.27556781194832, 0.31669927324872, 0
524, -0.29665834283858, 0.36546056338643, 0
525, 0.40178977859142, 0.12408269834466, 0
526, -0.095933804565123, 0.35936714062528, 0
527, 0.37933159014133, -0.148658193428, 0
528, -0.66363988576525, -0.14354845756345, 0
529, -0.78592209307394, -0.36505371589193, 0
530, -0.84305816270316, -0.32830740071335, 0
531, -0.2772178092065, -0.35155704062818, 0
532, -0.2293902194948, -0.37958416236355, 0
533, -0.65489937039218, -0.16841928811426, 0
534, 0.50769555701979, -0.16849825324634, 0
535, -0.50484106702061, 0.16621973980074, 0
536, -0.43608784488109, 0.18738300182566, 0
537, -0.44399490421347, 0.1551752726961, 0
538, -0.37175375502122, -0.30060957217939, 0
539, 0.36050947201954, 0.30913680140733, 0
540, 0.61710949920757, 0.2172580684865, 0
541, 0.66589188076597, 0.25033150973286, 0
542, 0.67931133689307, 0.28874988715659, 0
543, 0.70402661103009, 0.24432320935142, 0
544, 0.71619801085831, 0.28305458437393, 0
545, 0.74228303125541, 0.23963460916066, 0
546, 0.75566737916501, 0.27931791648995, 0
547, 0.77981806300323, 0.23239972231577, 0
548, 0.79594659396733, 0.27288958354879, 0
549, 0.69367077406711, 0.20565163048435, 0
550, 0.81573686501456, 0.2184611675636, 0
551, 0.72357533632992, 0.32656851526232, 0
552, 0.79522101019918, 0.18147079896289, 0
553, 0.84872803626643, 0.19394188544867, 0
554, 0.83637768321616, 0.26106234763206, 0
555, 0.80830020369063, 0.31531847788853, 0
556, 0.54154107525648, 0.17740735895907, 0
557, 0.57368265845185, 0.15111868135941, 0
558, 0.54473443182325, 0.13868435631318, 0
559, 0.57041434677477, 0.10910261263955, 0
560, 0.60195837464062, 0.13272257788245, 0
561, 0.82195461135333, 0.15767037794525, 0
562, 0.78075160592042, 0.15675106225968, 0
563, 0.13458890706222, 0.2402293080518, 0
564, 0.22830558921888, 0.087804633738107, 0
565, -0.62975963939847, 0.30738422748122, 0
566, -0.67572324900924, 0.27928905843802, 0
567, 0.6120084946025, -0.21945748000422, 0
568, -0.61922061216803, 0.21967445855995, 0
569, -0.61444007878242, 0.18286022593962, 0
570, -0.57649662188167, 0.15333321052449, 0
571, 0.85178595289104, 0.30842859201262, 0
572, 0.39261003674095, -0.21603023670214, 0
573, 0.61228280612422, 0.10025162836998, 0
574, 0.6455324110454, 0.13172117822049, 0
575, 0.41290250522806, -0.42197318127279, 0
576, -0.42069733504591, 0.42415660773406, 0
577, -0.40448753153648, -0.40918557682239, 0
578, -0.37378048272072, -0.39364728760702, 0
579, 0.41113057242318, 0.40443266648223, 0
580, 0.35635751557833, 0.42544504747498, 0
581, 0.37124190361511, -0.3396303214755, 0
582, 0.3290191683044, -0.3787774382264, 0
583, 0.58523402398254, -0.41731530692724, 0
584, 0.63554189561236, -0.40820218497859, 0
585, -0.59346160033155, 0.41265270423696, 0
586, -0.63448455757257, 0.40328124022787, 0
587, 0.55124832921955, 0.094088837937438, 0
588, 0.52745004191225, 0.10480573208873, 0
589, -0.56944323384345, -0.42087324880769, 0
590, 0.56464985304008, 0.42193735902124, 0
591, -0.62411518670345, -0.33842483514748, 0
592, -0.68217692248078, -0.21594719729317, 0
593, -0.24236478613519, 0.38426628955248, 0
594, 0.81237493734479, 0.35960078411777, 0
595, -0.53926987178294, -0.16547258391633, 0
596, -0.37408394726205, -0.19212549563968, 0
597, 0.60605353429215, -0.18836601439542, 0
598, 0.77066427202009, 0.35693016479992, 0
599, -0.65928109843074, -0.37877418804564, 0
600, -0.29457810189711, 0.23848706590486, 0
601, 0.23218778625102, 0.37094323375279, 0
602, 0.27577162571321, 0.36488166669099, 0
603, 0.62270822326987, 0.34887030734095, 0
604, 0.65205990961266, 0.36698233278167, 0
605, 0.8889482079628, 0.061499425022564, 0
606, -0.77881180343296, -0.047558076430389, 0
607, -0.81379791765983, -0.077894749650019, 0
608, -0.84266429779367, -0.037340316025576, 0
609, -0.86974112178825, -0.078647091365439, 0
610, -0.88531808518023, -0.027978841786565, 0
611, -0.84562182606495, 0.00078464694918893, 0
612, -0.48185024229469, 0.13179443571453, 0
613, -0.51522076013401, 0.11251093367638, 0
614, 0.19447342428308, -0.36835221476015, 0
615, 0.59824731316526, -0.15683832667384, 0
616, -0.20237845994811, 0.37051356929531, 0
617, -0.65437297763493, 0.35681326792817, 0
618, 0.47668734058572, -0.095584737185491, 0
619, 0.084380065812747, -0.23361406072764, 0
620, -0.0002551016244145, 0.25230192573002, 0
621, 0.87752510399355, 0.15940177414106, 0
622, 0.90867312039709, 0.18870622958406, 0
623, 0.88163188483251, -0.31937901838471, 0
624, 0.84783902423347, -0.35394087159973, 0
625, 0.90805491530914, -0.35414786720542, 0
626, 0.65010052738154, -0.23414738040697, 0
627, -0.87798592936017, -0.12880091962705, 0
628, -0.91056917934012, -0.19327203737259, 0
629, -0.882427443733, -0.23876885969117, 0
630, -0.021605242421968, -0.3695873772179, 0
631, 0.01331030392936, -0.26658321461977, 0
632, 0.38069453286086, 0.2243780536741, 0
633, -0.62188923623633, -0.15888691967028, 0
634, -0.36453915489242, 0.31354820556778, 0
635, 0.51218987415038, -0.096360641199973, 0
636, -0.56092041392479, -0.14700581888082, 0
637, 0.4117188424905, 0.20357352397249, 0
638, -0.8995969833074, -0.062115328618067, 0
639, 0.18881354425417, 0.37467367960728, 0
640, -0.77563337472728, 0.37749253402568, 0
641, 0.62553225560016, -0.33364926994189, 0
642, -0.34490974047545, -0.37771887249614, 0
643, -0.32402796377045, -0.24299530553919, 0
644, -0.82569421377951, -0.37117088962699, 0
645, -0.86758404625949, -0.38454486192183, 0
646, 0.88386801012363, -0.01817969043911, 0
647, 0.8633188437545, -0.042529305358507, 0
648, 0.90061468623137, -0.081020517032389, 0
649, 0.85763132776247, -0.11099418854428, 0
650, 0.91500632451246, -0.13439332663079, 0
651, 0.8782929473489, -0.14960914004606, 0
652, -0.34286145087821, -0.023789001146845, 0
653, -0.30429457865936, -0.031368463247815, 0
654, -0.30008357692866, 0.0031266270370359, 0
655, -0.26694366133784, -0.039217423416131, 0
656, 0.62619049409428, -0.15101632726679, 0
657, 0.33003982482383, -0.34081333513871, 0
658, 0.28431882760308, -0.37760859266109, 0
659, 0.32215698959161, -0.41808499110367, 0
660, 0.51938519665886, 0.07364895588724, 0
661, -0.059573267036565, 0.33320283203191, 0
662, -0.26246435968892, -0.0040480477104939, 0
663, -0.25967387713537, 0.031028897292008, 0
664, -0.22331417701072, 0.030717965093392, 0
665, -0.23566093103611, 0.056409460948293, 0
666, 0.7205717137751, -0.38051986574379, 0
667, 0.75632426850463, -0.36366592283267, 0
668, 0.20326115139428, 0.089263962732987, 0
669, 0.1746104025874, 0.13041937322446, 0
670, 0.50191611602524, -0.4300838456998, 0
671, -0.51759534823614, 0.43031744650269, 0
672, 0.45722385285102, -0.43625117462148, 0
673, -0.4791525670877, 0.43841689159354, 0
674, -0.48141885504736, -0.42808529057735, 0
675, 0.48429011698611, 0.42680761888695, 0
676, -0.52572638562405, -0.42933535308232, 0
677, 0.52455751643873, 0.42747733666402, 0
678, -0.15314224326877, 0.10116619774132, 0
679, -0.20650760827437, 0.098900919190326, 0
680, 0.15347125865003, -0.10648261195356, 0
681, 0.18469092854535, -0.10799479513452, 0
682, 0.18375100329198, -0.070455706836913, 0
683, 0.18509610628735, -0.14505811768196, 0
684, -0.12985098593563, -0.1266173005951, 0
685, -0.1613127944453, -0.097199470048711, 0
686, -0.15598578416582, -0.15743682535904, 0
687, -0.11260232037664, -0.17787314458634, 0
688, 0.075828437998329, 0.16328571113758, 0
689, 0.48348507860208, 0.084334115171621, 0
690, 0.47962213394217, 0.047721900367594, 0
691, 0.60377748020747, 0.42202345113543, 0
692, -0.386324906161, 0.23593238992506, 0
693, 0.27740809702329, 0.32574684675918, 0
694, -0.65911909023481, 0.23867118910687, 0
695, 0.67036408406891, -0.26723734997345, 0
696, -0.23077973430933, -0.047521753651097, 0
697, -0.076397788920922, 0.17492486812487, 0
698, -0.11022190222722, 0.17108119774474, 0
699, -0.14234313292823, 0.15876652067016, 0
700, 0.088988746898891, -0.16934491595559, 0
701, -0.00016007890684709, -0.18588959161493, 0
702, 0.016030553989511, 0.17666655720791, 0
703, 0.31618533513163, -0.22858654545868, 0
704, -0.61114869017864, -0.41889120776577, 0
705, 0.051553159360356, -0.38379550691311, 0
706, 0.094805948990169, -0.39199181566612, 0
707, -0.40164576985939, 0.15967480343516, 0
708, 0.79144103699406, 0.12454191753611, 0
709, -0.8729405309504, 0.009250394559567, 0
710, -0.85266808062996, 0.046767034222261, 0
711, -0.89609472408964, 0.071794273762417, 0
712, -0.85154598488264, 0.10926572876745, 0
713, -0.90897762626432, 0.12558716998936, 0
714, -0.86799457030356, 0.14228962238184, 0
715, -0.70077726155706, -0.29517205130351, 0
716, 0.31854998497459, 0.35624746316563, 0
717, 0.32208732109952, 0.40270816318882, 0
718, -0.61328371164959, -0.22554870520926, 0
719, -0.049581865473439, -0.18943796243803, 0
720, -0.076713684989665, 0.2123323976485, 0
721, 0.64318060346238, -0.35751049957738, 0
722, 0.34740821989936, 0.24067535602596, 0
723, 0.11351130975612, -0.17448512906128, 0
724, -0.32935532073168, -0.4086563098224, 0
725, 0.2252375276828, -0.11219901229175, 0
726, -0.34194707065517, 0.2362572091471, 0
727, -0.36374624533575, 0.41292109652376, 0
728, -0.33882913259855, 0.43590224313975, 0
729, -0.41444177796058, 0.079034481383545, 0
730, -0.68198513484814, 0.40671001009988, 0
731, -0.93142538192593, -0.2315530400491, 0
732, 0.91457397289228, -0.28336346355037, 0
733, 0.88855541920882, -0.24826402696939, 0
734, 0.80326455260622, 0.41072040344867, 0
735, 0.22399390864849, 0.4121695892639, 0
736, -0.33923858732324, -0.29208632210899, 0
737, -0.076580534827813, 0.38237831413598, 0
738, -0.13429365304322, 0.39708554448071, 0
739, -0.049624736487725, 0.37518740451761, 0
740, -0.69283122873449, 0.36595836936898, 0
741, 0.11498338124032, 0.18725799064218, 0
742, 0.94355533262663, -0.24923864780223, 0
743, -0.17483875281199, -0.12849431042018, 0
744, -0.20167053786444, -0.090769282067559, 0
745, 0.85915107870111, 0.35778704398641, 0
746, 0.42485244825527, -0.19778474519797, 0
747, -0.61078356216109, 0.14746628702161, 0
748, -0.60616989232231, 0.10832148987396, 0
749, -0.65264398596879, 0.17630011086927, 0
750, 0.61065690302341, 0.17681737432633, 0
751, 0.17932172973409, -0.0086520331942643, 0
752, 0.20356323509231, 0.015446970752903, 0
753, -0.33255620638009, 0.28965044956809, 0
754, 0.14864691576209, 0.17419247208136, 0
755, 0.69763630625169, -0.23703660896691, 0
756, 0.67272743464104, 0.3372426895523, 0
757, 0.70080972682787, 0.3592700888183, 0
758, 0.87288710467021, 0.089943016315782, 0
759, 0.43934779907209, -0.15537836926387, 0
760, -0.1922144766251, -0.16722397690085, 0
761, 0.35923519690836, -0.45961330064267, 0
762, 0.76173280971099, 0.39168593107892, 0
763, -0.56659461883627, 0.12349838829451, 0
764, -0.58453499802857, 0.084976067359097, 0
765, -0.15631934077862, 0.19369989747997, 0
766, -0.49677771373838, 0.083342593202716, 0
767, -0.52181428662713, 0.070667971638584, 0
768, -0.48098406599383, 0.051729272635205, 0
769, 0.67891674012914, 0.38949818028051, 0
770, -0.31199755439169, 0.41222687683264, 0
771, 0.67483973176462, -0.39684269123165, 0
772, -0.78032405584992, -0.39532791835962, 0
773, -0.26545915509549, -0.3869474399085, 0
774, -0.21875394542207, -0.41758022615713, 0
775, -0.19185756876031, -0.36998682288299, 0
776, 0.079640558139166, 0.20040681688909, 0
777, -0.68540743241578, 0.24467878718575, 0
778, -0.71309095431459, 0.28833875854108, 0
779, -0.66567080945117, 0.31698661241103, 0
780, -0.62791864934344, 0.074376691806038, 0
781, -0.37732498038776, -0.23647500251452, 0
782, 0.66147636145875, -0.45269514824573, 0
783, 0.49372255124587, 0.11893788334043, 0
784, 0.43792653609962, 0.095728106719701, 0
785, 0.45774878870195, 0.13464508186161, 0
786, -0.18172430553845, 0.17856683227083, 0
787, 0.87652492203143, -0.38944648569354, 0
788, -0.41943905709842, -0.45849418619618, 0
789, 0.42458230672186, 0.45680879449893, 0
790, 0.57477328146898, -0.45826181523404, 0
791, -0.57704031019594, 0.45968998851834, 0
792, 0.92523149307991, 0.15608528800438, 0
793, 0.94557082763348, 0.20824758308229, 0
794, 0.92008325339281, -0.216434521903, 0
795, -0.40313753623028, -0.21087322924513, 0
796, -0.034402083249553, -0.23794964297665, 0
797, -0.63932109686755, -0.12047484430968, 0
798, -0.5916738773673, -0.1173269854048, 0
799, 0.59995098681197, 0.4610995095744, 0
800, 0.43443408327029, -0.4646957468594, 0
801, -0.44385475302504, 0.45604028802091, 0
802, -0.56260204168775, -0.46119477028861, 0
803, -0.6619283626625, -0.33795040997914, 0
804, -0.70250887770426, -0.37640222292935, 0
805, 0.20396575277942, 0.055856365055987, 0
806, 0.24563861222816, 0.030597931097194, 0
807, 0.25716291838762, -0.0030390618556806, 0
808, 0.267221601932, 0.079983591280721, 0
809, 0.28401441518221, 0.011585742184894, 0
810, 0.27472531627718, -0.032834756602713, 0
811, -0.36791166452906, -0.44602273582937, 0
812, 0.38717577278588, 0.44445970332569, 0
813, 0.33702293279946, 0.45599141718112, 0
814, -0.74541856440478, -0.36907694199955, 0
815, -0.75100954924455, -0.40762238014839, 0
816, -0.69611843126315, -0.25708618933627, 0
817, -0.61540227431855, 0.44911248794689, 0
818, 0.72945097485893, 0.37753291828696, 0
819, 0.053337376037052, -0.26429923333209, 0
820, 0.052133501737902, -0.21883267237411, 0
821, 0.16152210675356, -0.25424141645609, 0
822, 0.15494484967677, -0.21743325908602, 0
823, 0.72383176176967, 0.4591492525089, 0
824, 0.28737446831038, -0.33961655999523, 0
825, 0.23903098850615, -0.37414987131603, 0
826, -0.1225544817601, -0.24215664996909, 0
827, 0.21599954071122, -0.45616486123884, 0
828, -0.23839859107976, 0.45908999068209, 0
829, 0.33236888479871, 0.21333378448437, 0
830, 0.18339492111998, -0.40865127996349, 0
831, 0.12449361027573, -0.44420324182174, 0
832, 0.82356145341281, -0.1379805654499, 0
833, 0.64561872138872, 0.088241373286931, 0
834, 0.67958331272331, 0.09937359210131, 0
835, 0.6821670877373, 0.12873107638364, 0
836, 0.71793855262787, 0.12470140210471, 0
837, 0.7226425684747, 0.16311555969466, 0
838, 0.64103491209758, 0.027991131380631, 0
839, 0.31068102463753, 0.22638935666364, 0
840, 0.044052398528834, -0.46063156625029, 0
841, 0.002630953602756, -0.41470299611834, 0
842, -0.046231308838587, 0.45471470108802, 0
843, -0.14182324460132, 0.45332440509537, 0
844, -0.6594579469046, 0.091628524993658, 0
845, 0.6709990295631, -0.14784790242308, 0
846, 0.47407495760346, -0.13077784335981, 0
847, -0.23544374922745, 0.42024928271269, 0
848, 0.19481224226608, -0.22104157573642, 0
849, 0.18859359022465, -0.18295337754891, 0
850, -0.04644784755699, -0.39882034143872, 0
851, -0.050048259701845, -0.45138128085158, 0
852, -0.086544015989829, -0.40455286691079, 0
853, -0.10712191917503, -0.44017243288217, 0
854, -0.13768965104778, -0.39508364953828, 0
855, 0.78820621504048, -0.45131937996772, 0
856, -0.75788456700203, 0.45728763665797, 0
857, -0.80694799044223, 0.41622096451924, 0
858, -0.851984636755, 0.41211399991665, 0
859, -0.82054000758738, -0.45829851928747, 0
860, 0.80825568215794, 0.45793668708872, 0
861, 0.24373750457692, -0.33606582328544, 0
862, -0.68337616375216, -0.10410121077298, 0
863, 0.32724085057933, -0.30350622367776, 0
864, 0.76512619022952, 0.19415835895987, 0
865, -0.21146245287742, -0.20775846921206, 0
866, -0.0014196876944238, 0.30460090454845, 0
867, -0.85214315638559, 0.45627060669566, 0
868, -0.90148327121937, 0.40831365853096, 0
869, -0.95144645164025, 0.40478651260607, 0
870, -0.90280878256594, 0.3598932260688, 0
871, -0.95038558017747, -0.32507219707529, 0
872, -0.90494982560033, -0.30293994644924, 0
873, -0.93665846371041, -0.36682309153954, 0
874, 0.74236375804428, 0.35465704011486, 0
875, -0.73704819541071, -0.20851261206034, 0
876, 0.061408515133567, 0.43823571220859, 0
877, 0.1001435329443, 0.39659570867911, 0
878, 0.11730289156904, 0.45201010368186, 0
879, 0.13579818092204, 0.41030420259427, 0
880, 0.50719920101306, 0.15105344087685, 0
881, 0.95638472234622, -0.1366861697565, 0
882, 0.9543353525957, -0.089467415131333, 0
883, -0.95754132929055, 0.20991544889984, 0
884, -0.91546344752965, 0.21814789647452, 0
885, -0.91335374474063, 0.26458540961309, 0
886, -0.87338674097795, 0.22442378924282, 0
887, -0.95636226419319, 0.25841808699124, 0
888, 0.95738501229173, 0.05827557879753, 0
889, 0.9574280448412, 0.0091162435868805, 0
890, -0.96028481569217, -0.074699941826105, 0
891, -0.95935030154634, -0.034210781894922, 0
892, 0.38545614708952, -0.18097992304903, 0
893, 0.35163247148698, -0.18961058153714, 0
894, -0.95301836977897, 0.061064281213334, 0
895, 0.28200392180028, -0.26548290613508, 0
896, 0.26017124413008, -0.15366584311585, 0
897, 0.88435152498144, -0.45149630326599, 0
898, 0.81238031273939, -0.38407439086961, 0
899, 0.66440498090435, -0.094866613316206, 0
900, -0.20910608738288, -0.45757258742558, 0
901, 0.9555040874162, 0.40602502899378, 0
902, -0.95474456801652, -0.42093720051644, 0
903, 0.95766298654674, -0.36644019527444, 0
904, -0.65114614376876, -0.23749861287625, 0
905, 0.43887959983522, -0.096697289559319, 0
906, 0.43985659184448, 0.01616518096465, 0
907, -0.82190374076336, 0.022462926351546, 0
908, 0.39132348596043, 0.17488729047862, 0
909, 0.3078965543546, -0.10824535330877, 0
910, 0.27571652365568, -0.087103888951345, 0
911, -0.41097321200027, -0.044964568998946, 0
912, 0.300087459032, 0.16888868409495, 0
913, -0.37933324313714, 0.087057983509721, 0
914, 0.34364610237021, -0.043931984946085, 0
915, -0.32563182653761, -0.20016181441407, 0
916, -0.27187701500464, 0.10601526027962, 0
917, 0.57979281569104, -0.084261840498809, 0
918, 0.35452089197171, -0.00982339461058, 0
919, -0.3937185702985, -0.078053121704639, 0
920, -0.644790509013, 0.041654037373299, 0
921, -0.29634622308905, 0.039257901297608, 0
922, -0.59092262985005, -0.078522985118131, 0
923, -0.31981915349606, -0.097794073241945, 0
924, -0.25632368880849, 0.1264658788802, 0
925, -0.38228024967855, -0.017360859860418, 0
926, -0.25594185770975, 0.062593693306701, 0
927, -0.38507600004802, -0.049126112490534, 0
928, -0.24573538058634, -0.11575089946426, 0
929, -0.34914383045069, -0.05650963179245, 0
930, -0.69319802402504, 0.17193581079706, 0
931, -0.49754971770872, -0.10379797237019, 0
932, -0.24619822867558, 0.089664073879709, 0
933, 0.86511881249099, -0.2120595758845, 0
934, -0.3115066608332, -0.064698106715028, 0
935, -0.49782380015935, 0.0028143710700905, 0
936, 0.80713894451202, -0.036578309547441, 0
937, -0.27424036311678, -0.07316040497374, 0
938, 0.27728391614686, 0.28936465867766, 0
939, -0.32068292682563, 0.21014752421344, 0
940, 0.13737252602408, 0.11485454007708, 0
941, 0.21610437078135, 0.15321958517159, 0
942, 0.54349402303179, 0.036740043140179, 0
943, -0.0043090191701995, 0.40472029879497, 0
944, -0.57685322239372, 0.019671817046936, 0
945, -0.56283559298882, 0.05045836607587, 0
946, 0.53861921444439, -0.068389859790214, 0
947, -0.95882604892556, -0.19200887840182, 0
948, 0.15959907828437, 0.23626559816569, 0
949, 0.92986258408412, 0.25772125186864, 0
950, 0.55570293404287, -0.17221843077012, 0
951, 0.55101541685293, -0.12850447683708, 0
952, 0.59158761122177, 0.083795730398177, 0
953, 0.64900231546058, 0.17118070677279, 0
954, 0.85903906108088, 0.40735401661513, 0
955, -0.30603557264691, -0.44695080559828, 0
956, 0.40983128690078, -0.13702970143936, 0
957, 0.037767886390915, 0.38883928525884, 0
958, 0.76580031268247, 0.31889404193789, 0
959, -0.67414582400892, -0.068111685368722, 0
960, 0.88349150302695, 0.23965101724828, 0
961, 0.2199659404419, -0.021438240459312, 0
962, -0.61426095957007, -0.18338710460151, 0
963, 0.74370928551582, -0.026791371491872, 0
964, -0.31229039600014, -0.3633055385582, 0
965, 0.79575390815747, 0.066100340223221, 0
966, -0.19555187782065, -0.056527634915878, 0
967, -0.74267465683173, -0.02835139257461, 0
968, -0.79073300898036, -0.11968231942027, 0
969, 0.91744109921542, 0.016594008328622, 0
970, 0.36805875312265, -0.41859641767496, 0
971, -0.91846554281031, -0.40219063192422, 0
972, -0.67037796227775, 0.4467347427705, 0
973, -0.86265393666612, 0.30805976881069, 0
974, 0.90873794844388, 0.40661384096143, 0
975, -0.0002342236853233, 0.20405314685357, 0
976, -0.84129639465089, -0.21747953787379, 0
977, 0.26990515182691, 0.40848391891293, 0
978, 0.1525099273384, 0.34148188271022, 0
979, -0.39064416878057, 0.12374287712129, 0
980, 0.14855164394781, -0.3599466489066, 0
981, -0.9541915649079, 0.11155480791362, 0
982, -0.20544402576693, -0.33098984508246, 0
983, -0.25271128667356, 0.2727335240819, 0
984, 0.11372005816297, 0.34943748839697, 0
985, -0.18906795500401, 0.3139179368197, 0
986, 0.83199779120443, -0.24387968216452, 0
987, -0.82060770404452, -0.26427215252516, 0
988, 0.4783830352983, 0.010827712085351, 0
989, -0.358699566583, 0.45904647564002, 0
990, -0.068676430767621, -0.35479777872818, 0
991, 0.79104902768744, -0.34152563760389, 0
992, 0.14937288833184, -0.17912976249702, 0
993, 0.30863146314294, 0.071892375010871, 0
994, -0.18138636387755, 0.13904107334498, 0
995, -0.18499806623955, 0.015421276850159, 0
996, -0.55140458318299, 0.15778699201438, 0
997, 0.75323508078791, 0.12299103803537, 0
998, 0.229035267944, -0.41402891693765, 0
999, 0.28580936622982, -0.30218651778905, 0
1000, 0.7750803309685, -0.0667118525636, 0
1001, -0.30505904825243, -0.27695712906445, 0
1002, -0.79834383446423, -0.010567507866033, 0
1003, 0.088740624848185, 0.24451585243013, 0
1004, -0.10106963584501, 0.24620221325451, 0
1005, -0.64953724870531, -0.46070666157953, 0
1006, -0.84606216413349, -0.10791450962269, 0
1007, 0.61583387932009, 0.057271309697733, 0
1008, 0.21274966048431, 0.45553888883511, 0
1009, 0.3116890532478, -0.45885242139754, 0
1010, -0.90962422133912, -0.45709803993809, 0
1011, 0.90453449946144, 0.45363006220858, 0
1012, -0.27396233794142, 0.42656586951444, 0
1013, 0.63167005929184, 0.4598817019945, 0
1014, 0.89416579926035, 0.29833316920741, 0
1015, 0.95847122003572, -0.41004343336745, 0
1016, 0.73083030620374, 0.2007611751214, 0
1017, -0.17078785299162, -0.31743564198883, 0
1018, 0.91337866822393, -0.41935479428419, 0
1019, 0.0063340842954873, -0.22696263325697, 0
1020, -0.7236170728112, 0.41240533412793, 0
1021, -0.22127896698148, -0.17512631201776, 0
1022, 0.40740538886682, 0.081648477561193, 0
1023, -0.28079597270516, 0.39661976845213, 0
1024, 0.44337726420029, 0.18357525156634, 0
1025, -0.16303973637976, 0.34910466370243, 0
1026, -0.040978636027597, 0.21201126132489, 0
1027, -0.65427893935836, -0.4205012165548, 0
1028, 0.17197698907432, 0.050004521505009, 0
1029, -0.64002516951427, 0.11386066405596, 0
1030, 0.83277209189749, -0.073412748303385, 0
1031, -0.91547172014773, -0.13766557021142, 0
1032, 0.58975176648906, -0.12178850499315, 0
1033, -0.72498252937147, -0.45784205434128, 0
1034, -0.86204625093428, -0.28339325977587, 0
1035, -0.32354823033426, 0.25418164566771, 0
1036, -0.66158447939901, -0.29930372644564, 0
1037, -0.79019593895054, 0.055872622572581, 0
1038, 0.94924974925144, 0.31454324427605, 0
1039, 0.64967782630489, -0.1773165270713, 0
1040, -0.91983023208911, -0.26169147713464, 0
1041, -0.88683277557334, -0.10143077041723, 0
1042, -0.31508209560224, 0.33134435011584, 0
1043, -0.92101879286738, -0.02585171142551, 0
1044, -0.3552079970257, -0.26217704822123, 0
1045, -0.04058376125669, 0.25100967964323, 0
1046, -0.19171692200922, 0.41116554745366, 0
1047, 0.009794346821855, -0.37604138686261, 0
1048, 0.29857764998356, -0.056744347950635, 0
1049, 0.27517211996626, -0.41695277820332, 0
1050, -0.23373591195885, 0.11787606014841, 0
1051, 0.32200747641272, -0.26585325904847, 0
1052, 0.62340927687181, -0.44127538648133, 0
1053, -0.82319074390616, 0.081888166417034, 0
1054, -0.021575805020033, -0.27630886431598, 0
1055, 0.96517092728305, -0.22654590501759, 0
1056, 0.79896167736959, -0.15807339739876, 0
1057, -0.15916387204083, -0.18975235623763, 0
1058, 0.72869554934639, -0.27273991505536, 0
1059, -0.04553806174844, 0.41240433709558, 0
1060, -0.37016183700656, 0.16961111808663, 0
1061, 0.155591728035, 0.20601374242362, 0
1062, 0.66618916009152, -0.33048445020593, 0
1063, -0.87251162806124, 0.18155273503691, 0
1064, 0.50315437762935, -0.46462887802654, 0
1065, -0.49270799806376, 0.4703508324058, 0
1066, -0.49351520324479, -0.46390562977871, 0
1067, 0.51226349881471, 0.46249398038742, 0
1068, 0.44051213406565, -0.13107587847322, 0
1069, -0.045917302446684, 0.290839375249, 0
1070, -0.82388792496032, 0.23441759926853, 0
1071, -0.82034673925214, 0.13736605683898, 0
1072, 0.9218304800811, -0.16530265563473, 0
1073, -0.46606435906242, 0.01857662681212, 0
1074, 0.71032872411609, 0.077619306366584, 0
1075, -0.089563307525812, -0.21854661267006, 0
1076, 0.67379589146618, -0.20708629264165, 0
1077, 0.04201954151533, 0.2078474710477, 0
1078, -0.29786255454175, -0.39655138324824, 0
1079, 0.077087060810944, -0.1886064875782, 0
1080, 0.95609313809691, 0.15454007692229, 0
1081, 0.35597812654589, -0.2250318497783, 0
1082, 0.73329662311014, -0.41866044972449, 0
1083, 0.51125324121716, -0.13162628892881, 0
1084, -0.65709097769359, -0.2630039811067, 0
1085, 0.5568818060408, 0.46168665504807, 0
1086, -0.17391726399312, 0.22805820397743, 0
1087, 0.35636082297922, 0.37659710378419, 0
1088, 0.96359258560622, -0.27236008593773, 0
1089, -0.46334898066346, 0.099231719066839, 0
1090, -0.31490747574808, 0.4539758857983, 0
1091, -0.84334175992488, -0.42062838215796, 0
1092, 0.17861458765435, 0.41351074922376, 0
1093, 0.69241190283537, -0.30296846285798, 0
1094, -0.21089027979675, 0.055849747178515, 0
1095, -0.55311878060886, -0.12170133875508, 0
1096, 0.84852948807226, 0.12548293986875, 0
1097, -0.91367951424032, 0.17171380170263, 0
1098, 0.61270380584113, 0.0076279827054931, 0
1099, 0.91357128177731, -0.028459683522939, 0
1100, -0.40734130284287, 0.2007158768565, 0
1101, -0.58756916861196, -0.151273564104, 0
1102, -0.7653542289238, 0.41638986547575, 0
1103, -0.025059390161682, 0.33562616147216, 0
1104, -0.36891808435917, -0.34340173448064, 0
1105, -0.72238422031098, 0.25142451591546, 0
1106, -0.079133832924898, -0.16677078211126, 0
1107, 0.35912049704895, 0.34707520172044, 0
1108, 0.72018515420658, -0.20572755800305, 0
1109, 0.045612457420058, -0.42233321781708, 0
1110, -0.28607604626155, -0.4205069202874, 0
1111, -0.70360452122617, 0.32594128167846, 0
1112, -0.59570683035242, 0.061501875833394, 0
1113, 0.31834373777565, 0.31822812629059, 0
1114, -0.51690831464298, -0.13732911697252, 0
1115, 0.91045322866228, 0.11652270959746, 0
1116, -0.91284291635472, -0.095918383234071, 0
1117, -0.95242663644625, 0.35598473033188, 0
1118, -0.62039272600219, 0.34509997371764, 0
1119, -0.88831174517741, -0.34545471972194, 0
1120, -0.36373098251217, 0.21197725181044, 0
1121, -0.90779101260785, 0.31086554754183, 0
1122, -0.22619537950927, -0.01142531135001, 0
1123, 0.31777297446375, -0.036450131153862, 0
1124, -0.076138539925104, 0.24784525858095, 0
1125, 0.84380297314294, -0.17455553583002, 0
1126, -0.3266287596745, -0.3276369816691, 0
1127, -0.70329652903496, -0.42703200121486, 0
1128, 0.54380374205133, -0.46183256803706, 0
1129, -0.53423219679311, 0.46507339678767, 0
1130, -0.46304067059808, -0.46270628907863, 0
1131, 0.46766530137335, 0.46161780208937, 0
1132, 0.63981588435473, 0.30631008601857, 0
1133, 0.65631702010176, 0.21101131783822, 0
1134, 0.70478819925412, -0.42700500815338, 0
1135, -0.36367715914181, 0.35030781326342, 0
1136, -0.65567739268167, 0.2126278340817, 0
1137, -0.691354475629, 0.21034220442195, 0
1138, 0.14854602574933, 0.37515690612733, 0
1139, 0.64658261588653, 0.42279177826823, 0
1140, 0.34910975801573, -0.15796496407809, 0
1141, -0.96067984783623, -0.23815780615991, 0
1142, 0.44148191399194, 0.05275455484744, 0
1143, 0.63599431745035, -0.29762291622627, 0
1144, -0.44127074778762, -0.42142224432197, 0
1145, 0.44559794518143, 0.41978032373546, 0
1146, 0.54066273317261, -0.42470257205206, 0
1147, -0.55613808449986, 0.42288269507881, 0
1148, 0.6362144870754, -0.21223310988158, 0
1149, 0.7092865683089, 0.4093594236907, 0
1150, 0.51643872245812, 0.040851399971778, 0
1151, -0.11696660887934, 0.21540589896529, 0
1152, -0.21084622647903, 0.20038478654051, 0
1153, 0.91745064568435, 0.061662559262629, 0
1154, 0.26185891077923, -0.11969099961987, 0
1155, 0.18237887150563, 0.16339285844117, 0
1156, 0.42343499463636, 0.1539416579589, 0
1157, -0.15560016833567, -0.3555357180906, 0
1158, -0.085485642077402, 0.41153861864344, 0
1159, 0.63503977470646, -0.1173887101004, 0
1160, -0.80513494846324, -0.40755486952044, 0
1161, -0.75025568758397, 0.29506178200718, 0
1162, -0.63695561625862, -0.20422592185691, 0
1163, 0.11026803881389, -0.21493211653575, 0
1164, 0.68405747853414, -0.35333655970028, 0
1165, 0.28686999374396, 0.04512978703922, 0
1166, -0.17704585225721, -0.40910402850445, 0
1167, -0.8065043876567, 0.38526631127811, 0
1168, -0.9539933570355, -0.45487473384221, 0
1169, 0.95257860106419, 0.45227504363438, 0
1170, 0.95664516051721, -0.45456776367802, 0
1171, -0.95070836313552, 0.45242600871789, 0
1172, 0.89796831927548, -0.18468076030339, 0
1173, 0.28119736703353, 0.2129504583755, 0
1174, -0.14216632986278, -0.2098469131604, 0
1175, 0.22439858284906, -0.15010127095878, 0
1176, -0.91195703432417, 0.015207096320826, 0
1177, 0.7438379395092, 0.4238196639523, 0
1178, 0.66159322471647, -0.0034217744756815, 0
1179, -0.60580524608618, -0.46015468510056, 0
1180, -0.20756639657996, -0.13117686931977, 0
1181, 0.12080181495653, 0.37387846983617, 0
1182, 0.1626882667603, 0.092100226170585, 0
1183, 0.36115031324813, 0.1951409733077, 0
1184, 0.68989926103525, 0.31673242297701, 0
1185, 0.63623108005465, 0.38989217002754, 0
1186, 0.75649833537869, 0.15896424303683, 0
1187, 0.30557362688603, 0.45472354122102, 0
1188, 0.82127396602425, 0.093807416053751, 0
1189, 0.1812928336357, -0.033764344504326, 0
1190, -0.28719810954349, 0.28058315550084, 0
1191, 0.68691335609615, 0.16706593069571, 0
1192, 0.31647507851327, 0.28250949031485, 0
1193, 0.97209271355036, 0.24794149882642, 0
1194, -0.1260180237751, 0.12805853894768, 0
1195, 0.23597399865566, -0.064696607637935, 0
1196, 0.13994989964142, -0.13592295861377, 0
1197, 0.1381515675348, -0.40099156547864, 0
1198, -0.52263790623111, 0.036957731683417, 0
1199, -0.34852902508221, -0.21630928874557, 0
1200, -0.64735310604686, 0.13966028330742, 0
1201, -0.55050266883984, 0.087712723328912, 0
1202, 0.12466969394865, 0.21936331910058, 0
1203, 0.55839428241984, 0.063953384882484, 0
1204, -0.16925243165204, -0.063656983963989, 0
1205, -0.22435744593534, 0.072943357761717, 0
1206, -0.83943011214024, 0.15444281142812, 0
1207, 0.084804154088604, -0.43203253794652, 0
1208, 0.1421641403443, 0.14080349544747, 0
1209, 0.92701730139883, -0.37810411445163, 0
1210, -0.23780291936081, -0.082306361745943, 0
1211, 0.70210419910915, -0.45787717872847, 0
1212, 0.54505842214805, -0.093090400460527, 0
1213, -0.041641884785479, 0.17641222068585, 0
1214, -0.42785438065278, 0.11328740632854, 0
1215, -0.73431018801982, 0.37138014255801, 0
1216, 0.041579796006744, 0.17266398183726, 0
1217, -0.38474787618008, 0.44768565019882, 0
1218, -0.33350140390268, 0.38602217168366, 0
1219, -0.35538052883722, -0.41482197629525, 0
1220, -0.64071026674477, 0.43535569641331, 0
1221, 0.40339237168623, -0.462132585965, 0
1222, 0.077147921351226, 0.36684740712047, 0
1223, 0.31078536024047, -0.006453031957892, 0
1224, 0.47310254928212, -0.46619569828936, 0
1225, -0.46140620595042, 0.47672479632648, 0
1226, 0.92351707508008, 0.2904764193284, 0
1227, -0.53218091511166, -0.46284393762922, 0
1228, 0.77297392367986, -0.4049920863812, 0
1229, -0.87362233802846, -0.4295856166308, 0
1230, 0.057165827896975, -0.16998664740649, 0
1231, -0.87173369894152, 0.26588510169939, 0
1232, 0.91545357406486, 0.35099285386465, 0
1233, -0.10245738532277, -0.37514542405038, 0
1234, 0.78079478516653, 0.090240199831511, 0
1235, 0.41631520607152, -0.16738214734534, 0
1236, 0.3660509308769, -0.30204537258378, 0
1237, -0.29985947483861, 0.43066077786956, 0
1238, 0.23601965470077, 0.064257642589583, 0
1239, 0.77054390271818, 0.43339741036193, 0
1240, 0.51723506531455, 0.17433345192107, 0
1241, -0.39415243818976, -0.17378503371266, 0
1242, -0.2578082873693, -0.42071580606465, 0
1243, 0.31280854081119, 0.24971170642992, 0
1244, -0.18174678073388, -0.19808588631452, 0
1245, -0.53573737829514, 0.13941470333674, 0
1246, -0.62660695136796, -0.30056473718812, 0
1247, -0.37927597859845, 0.19366039241646, 0
1248, -0.92439554956311, -0.053495073441382, 0
1249, -0.46013064587985, -0.12374778007869, 0
1250, -0.54402924475705, 0.17966683710944, 0
1251, -0.015265323500687, 0.36412309337819, 0
1252, 0.31372729287095, 0.18872805993569, 0
******* E L E M E N T S *************
*ELEMENT, type=T3D2, ELSET=Line1
1, 1, 25
2, 25, 26
3, 26, 27
4, 27, 28
5, 28, 29
6, 29, 30
7, 30, 31
8, 31, 32
9, 32, 33
10, 33, 34
11, 34, 35
12, 35, 36
13, 36, 37
14, 37, 38
15, 38, 39
16, 39, 40
17, 40, 41
18, 41, 42
19, 42, 43
20, 43, 44
21, 44, 45
22, 45, 46
23, 46, 47
24, 47, 48
25, 48, 49
26, 49, 50
27, 50, 51
28, 51, 52
29, 52, 53
30, 53, 54
31, 54, 55
32, 55, 56
33, 56, 57
34, 57, 58
35, 58, 59
36, 59, 60
37, 60, 61
38, 61, 62
39, 62, 63
40, 63, 2
*ELEMENT, type=T3D2, ELSET=Line2
41, 2, 64
42, 64, 65
43, 65, 66
44, 66, 67
45, 67, 68
46, 68, 69
47, 69, 70
48, 70, 71
49, 71, 72
50, 72, 73
51, 73, 74
52, 74, 75
53, 75, 76
54, 76, 77
55, 77, 78
56, 78, 79
57, 79, 80
58, 80, 81
59, 81, 82
60, 82, 3
*ELEMENT, type=T3D2, ELSET=Line3
61, 3, 83
62, 83, 84
63, 84, 85
64, 85, 86
65, 86, 87
66, 87, 88
67, 88, 89
68, 89, 90
69, 90, 91
70, 91, 92
71, 92, 93
72, 93, 94
73, 94, 95
74, 95, 96
75, 96, 97
76, 97, 98
77, 98, 99
78, 99, 100
79, 100, 101
80, 101, 102
81, 102, 103
82, 103, 104
83, 104, 105
84, 105, 106
85, 106, 107
86, 107, 108
87, 108, 109
88, 109, 110
89, 110, 111
90, 111, 112
91, 112, 113
92, 113, 114
93, 114, 115
94, 115, 116
95, 116, 117
96, 117, 118
97, 118, 119
98, 119, 120
99, 120, 121
100, 121, 4
*ELEMENT, type=T3D2, ELSET=Line4
101, 4, 122
102, 122, 123
103, 123, 124
104, 124, 125
105, 125, 126
106, 126, 127
107, 127, 128
108, 128, 129
109, 129, 130
110, 130, 131
111, 131, 132
112, 132, 133
113, 133, 134
114, 134, 135
115, 135, 136
116, 136, 137
117, 137, 138
118, 138, 139
119, 139, 140
120, 140, 1
*ELEMENT, type=CPS4, ELSET=Surface1
121, 904, 592, 816, 1084
122, 977, 259, 1008, 735
123, 1113, 539, 1107, 716
124, 889, 969, 1099, 215
125, 1001, 736, 1126, 507
126, 242, 827, 998, 830
127, 560, 750, 212, 557
128, 1108, 755, 1058, 460
129, 1222, 957, 496, 485
130, 1155, 520, 1061, 754
131, 795, 277, 167, 168
132, 537, 536, 196, 214
133, 795, 168, 169, 781
134, 637, 198, 199, 632
135, 950, 534, 14, 179
136, 1114, 595, 10, 224
137, 734, 954, 272, 860
138, 213, 846, 1068, 759
139, 1044, 736, 1001, 643
140, 997, 836, 1074, 451
141, 726, 939, 600, 1035
142, 1142, 906, 988, 690
143, 750, 540, 207, 212
144, 569, 209, 186, 568
145, 597, 210, 180, 567
146, 1085, 91, 92, 1067
147, 771, 1134, 1082, 666
148, 696, 966, 217, 1122
149, 753, 634, 20, 235
150, 975, 1077, 514, 620
151, 782, 1052, 56, 57
152, 176, 572, 1081, 234
153, 784, 1022, 427, 1142
154, 637, 1024, 197, 198
155, 970, 659, 1009, 761
156, 241, 1040, 731, 1141
157, 777, 694, 226, 566
158, 719, 1075, 508, 796
159, 1111, 510, 1161, 778
160, 799, 90, 91, 1085
161, 1047, 841, 1109, 705
162, 1133, 953, 1191, 549
163, 1049, 998, 827, 256
164, 68, 1055, 742, 1088
165, 730, 972, 261, 1020
166, 728, 1090, 109, 989
167, 1126, 1104, 642, 964
168, 721, 641, 182, 269
169, 1042, 753, 1190, 523
170, 1063, 382, 1070, 886
171, 23, 200, 1107, 539
172, 1093, 1058, 755, 695
173, 12, 170, 1104, 538
174, 804, 391, 384, 814
175, 617, 779, 565, 1118
176, 728, 770, 1237, 1090
177, 1026, 975, 620, 1045
178, 704, 589, 162, 273
179, 691, 590, 204, 274
180, 631, 1019, 796, 1054
181, 1034, 872, 1119, 530
182, 1221, 52, 53, 800
183, 648, 882, 215, 1099
184, 1179, 32, 33, 802
185, 269, 584, 771, 721
186, 1016, 837, 1186, 864
187, 174, 265, 970, 575
188, 232, 1072, 1172, 794
189, 774, 900, 244, 1166
190, 820, 1079, 1230, 238
191, 719, 1106, 687, 1075
192, 551, 874, 818, 757
193, 685, 684, 143, 144
194, 700, 1079, 1163, 723
195, 252, 1088, 742, 732
196, 191, 576, 801, 673
197, 551, 757, 756, 1184
198, 726, 1035, 753, 235
199, 188, 1118, 565, 19
200, 891, 1043, 1176, 216
201, 954, 974, 1011, 272
202, 659, 970, 265, 582
203, 719, 701, 5, 141
204, 409, 703, 1081, 893
205, 648, 650, 881, 882
206, 1098, 440, 1178, 838
207, 537, 612, 1089, 1214
208, 616, 1025, 738, 1046
209, 785, 783, 880, 223
210, 850, 841, 1047, 630
211, 797, 798, 922, 354
212, 123, 869, 1171, 122
213, 1073, 768, 1198, 935
214, 1222, 984, 1181, 877
215, 391, 803, 1036, 715
216, 705, 1109, 1207, 706
217, 1094, 231, 679, 1205
218, 245, 1092, 735, 1008
219, 1039, 845, 1159, 656
220, 659, 1049, 256, 1009
221, 628, 1031, 230, 947
222, 8, 156, 1189, 751
223, 172, 1144, 577, 171
224, 202, 1145, 579, 201
225, 184, 1146, 583, 183
226, 190, 1147, 585, 189
227, 1111, 778, 566, 779
228, 147, 148, 1194, 678
229, 624, 898, 246, 787
230, 850, 990, 1233, 852
231, 157, 158, 1196, 680
232, 618, 846, 1083, 635
233, 377, 816, 592, 875
234, 1086, 765, 1151, 387
235, 768, 379, 1089, 766
236, 244, 41, 42, 853
237, 291, 922, 501, 289
238, 153, 940, 1208, 222
239, 217, 995, 664, 1122
240, 1180, 375, 1021, 760
241, 1095, 798, 1101, 636
242, 686, 743, 1180, 760
243, 719, 141, 142, 1106
244, 1003, 514, 1077, 776
245, 273, 599, 1027, 704
246, 765, 1086, 1152, 786
247, 711, 894, 216, 1176
248, 1215, 1020, 1102, 640
249, 155, 1028, 1182, 154
250, 535, 612, 537, 214
251, 149, 150, 1213, 697
252, 992, 723, 1163, 822
253, 649, 1030, 457, 832
254, 6, 151, 1216, 702
255, 711, 713, 981, 894
256, 397, 619, 820, 819
257, 992, 822, 848, 849
258, 971, 645, 1119, 873
259, 246, 898, 1228, 855
260, 354, 959, 862, 797
261, 1137, 512, 317, 930
262, 833, 452, 1074, 834
263, 598, 874, 551, 958
264, 1048, 810, 1195, 910
265, 853, 42, 43, 851
266, 795, 781, 1199, 596
267, 686, 684, 685, 743
268, 895, 999, 863, 1051
269, 994, 786, 1152, 392
270, 478, 476, 522, 938
271, 617, 740, 1111, 779
272, 583, 790, 56, 1052
273, 814, 815, 1127, 804
274, 811, 577, 1144, 788
275, 812, 579, 1145, 789
276, 95, 813, 580, 812
277, 820, 238, 701, 1019
278, 409, 893, 1140, 411
279, 296, 294, 313, 920
280, 817, 585, 1147, 791
281, 1070, 497, 1231, 886
282, 260, 855, 1228, 1082
283, 332, 528, 797, 862
284, 511, 858, 868, 870
285, 252, 625, 1209, 903
286, 1007, 838, 452, 833
287, 245, 99, 100, 878
288, 931, 501, 1095, 1114
289, 815, 772, 1160, 251
290, 799, 1013, 89, 90
291, 833, 573, 952, 1007
292, 823, 88, 89, 264
293, 1032, 917, 1212, 951
294, 853, 854, 1166, 244
295, 1221, 761, 51, 52
296, 784, 785, 1156, 525
297, 726, 1120, 516, 939
298, 558, 880, 783, 588
299, 518, 398, 400, 821
300, 819, 394, 396, 397
301, 403, 848, 822, 821
302, 1157, 775, 1166, 854
303, 537, 1214, 979, 707
304, 861, 824, 999, 406
305, 518, 397, 396, 398
306, 542, 1184, 756, 1132
307, 356, 358, 361, 865
308, 377, 383, 715, 816
309, 276, 867, 119, 120
310, 405, 487, 849, 848
311, 441, 899, 448, 443
312, 295, 959, 354, 293
313, 1003, 484, 490, 514
314, 1105, 512, 1137, 777
315, 848, 403, 404, 405
316, 533, 528, 332, 386
317, 253, 125, 126, 887
318, 1113, 716, 602, 693
319, 566, 778, 1105, 777
320, 222, 741, 776, 688
321, 828, 107, 108, 257
322, 955, 38, 39, 258
323, 895, 407, 405, 404
324, 448, 845, 492, 455
325, 858, 867, 276, 868
326, 302, 844, 374, 303
327, 860, 86, 87, 250
328, 859, 28, 29, 251
329, 250, 87, 88, 823
330, 394, 819, 631, 372
331, 788, 36, 37, 811
332, 789, 94, 95, 812
333, 791, 114, 115, 817
334, 1115, 229, 1080, 792
335, 1007, 952, 1203, 454
336, 116, 117, 856, 261
337, 819, 820, 1019, 631
338, 851, 43, 44, 248
339, 876, 101, 102, 249
340, 840, 45, 46, 254
341, 842, 103, 104, 255
342, 827, 242, 47, 48
343, 843, 105, 106, 243
344, 900, 40, 41, 244
345, 402, 403, 821, 400
346, 881, 232, 69, 70
347, 883, 127, 128, 233
348, 890, 133, 134, 230
349, 862, 301, 310, 332
350, 215, 882, 71, 72
351, 891, 132, 133, 890
352, 818, 874, 598, 762
353, 256, 827, 48, 49
354, 243, 106, 107, 828
355, 981, 129, 130, 894
356, 889, 215, 72, 73
357, 894, 130, 131, 216
358, 229, 888, 74, 75
359, 475, 477, 480, 948
360, 529, 772, 815, 814
361, 407, 408, 487, 405
362, 964, 642, 724, 1078
363, 896, 408, 409, 410
364, 101, 876, 878, 100
365, 271, 27, 28, 859
366, 272, 85, 86, 860
367, 920, 313, 1112, 780
368, 49, 50, 1009, 256
369, 248, 44, 45, 840
370, 249, 102, 103, 842
371, 255, 104, 105, 843
372, 403, 402, 406, 404
373, 901, 974, 1232, 262
374, 533, 633, 797, 528
375, 408, 407, 703, 409
376, 407, 895, 1051, 703
377, 780, 844, 302, 920
378, 216, 131, 132, 891
379, 888, 889, 73, 74
380, 1023, 770, 1218, 524
381, 882, 881, 70, 71
382, 552, 562, 708, 561
383, 715, 383, 384, 391
384, 241, 137, 138, 871
385, 1042, 523, 500, 524
386, 933, 986, 505, 733
387, 409, 411, 412, 410
388, 855, 60, 61, 246
389, 867, 247, 118, 119
390, 386, 332, 310, 333
391, 260, 59, 60, 855
392, 247, 856, 117, 118
393, 1121, 870, 1117, 253
394, 493, 439, 437, 917
395, 478, 938, 693, 495
396, 127, 883, 887, 126
397, 871, 138, 139, 873
398, 783, 689, 660, 588
399, 689, 783, 785, 784
400, 887, 885, 1121, 253
401, 80, 81, 901, 262
402, 448, 899, 1159, 845
403, 903, 66, 67, 252
404, 374, 311, 304, 303
405, 410, 412, 909, 488
406, 209, 569, 747, 570
407, 1142, 427, 423, 906
408, 413, 414, 909, 412
409, 905, 419, 418, 417
410, 547, 545, 1016, 864
411, 413, 415, 416, 414
412, 415, 417, 418, 416
413, 246, 61, 62, 897
414, 432, 420, 419, 431
415, 423, 421, 420, 906
416, 597, 615, 950, 210
417, 420, 421, 418, 419
418, 424, 423, 427, 425
419, 525, 466, 429, 428
420, 958, 555, 594, 598
421, 909, 414, 416, 422
422, 425, 428, 429, 426
423, 498, 467, 429, 466
424, 688, 152, 153, 222
425, 995, 217, 145, 7
426, 418, 914, 422, 416
427, 324, 336, 342, 341
428, 470, 513, 668, 564
429, 142, 143, 684, 221
430, 314, 321, 729, 379
431, 752, 218, 8, 751
432, 258, 39, 40, 900
433, 286, 285, 306, 305
434, 599, 804, 1127, 1027
435, 425, 426, 430, 424
436, 913, 322, 323, 324
437, 419, 905, 618, 431
438, 469, 468, 429, 467
439, 10, 167, 277, 224
440, 1100, 195, 196, 536
441, 919, 282, 281, 280
442, 282, 911, 306, 285
443, 1100, 692, 194, 195
444, 342, 336, 344, 343
445, 692, 235, 20, 194
446, 146, 147, 678, 231
447, 285, 283, 281, 282
448, 808, 468, 469, 470
449, 418, 421, 918, 914
450, 662, 663, 921, 654
451, 1165, 806, 807, 809
452, 314, 315, 322, 321
453, 508, 365, 366, 367
454, 729, 321, 322, 913
455, 590, 1085, 1067, 677
456, 327, 326, 284, 279
457, 278, 279, 284, 280
458, 652, 653, 654, 325
459, 329, 328, 326, 327
460, 315, 325, 323, 322
461, 653, 655, 662, 654
462, 280, 284, 504, 919
463, 324, 335, 916, 336
464, 314, 306, 925, 315
465, 178, 14, 534, 213
466, 423, 424, 918, 421
467, 284, 326, 923, 504
468, 324, 323, 921, 335
469, 323, 325, 654, 921
470, 431, 618, 635, 433
471, 370, 923, 326, 328
472, 652, 325, 315, 925
473, 306, 911, 927, 925
474, 386, 592, 1162, 533
475, 663, 926, 335, 921
476, 282, 919, 927, 911
477, 950, 179, 180, 210
478, 718, 165, 166, 211
479, 196, 17, 535, 214
480, 826, 363, 364, 365
481, 328, 330, 928, 370
482, 213, 746, 177, 178
483, 664, 665, 926, 663
484, 211, 166, 10, 595
485, 925, 927, 929, 652
486, 876, 249, 943, 957
487, 157, 680, 681, 682
488, 919, 504, 929, 927
489, 99, 245, 1008, 98
490, 907, 710, 709, 611
491, 763, 570, 747, 748
492, 746, 572, 176, 177
493, 400, 398, 396, 399
494, 653, 934, 937, 655
495, 207, 208, 556, 212
496, 920, 302, 298, 296
497, 652, 929, 934, 653
498, 317, 311, 374, 930
499, 504, 923, 934, 929
500, 923, 370, 937, 934
501, 879, 878, 876, 877
502, 285, 286, 287, 283
503, 308, 944, 292, 290
504, 344, 336, 916, 924
505, 693, 602, 601, 495
506, 588, 587, 559, 558
507, 335, 926, 932, 916
508, 517, 361, 362, 363
509, 686, 1057, 1174, 687
510, 135, 947, 230, 134
511, 392, 1050, 679, 994
512, 431, 433, 434, 432
513, 512, 319, 318, 317
514, 501, 931, 283, 287
515, 558, 557, 212, 556
516, 1183, 632, 722, 829
517, 470, 469, 472, 471
518, 864, 552, 550, 547
519, 467, 912, 472, 469
520, 402, 400, 399, 401
521, 470, 471, 941, 513
522, 287, 286, 935, 288
523, 328, 329, 331, 330
524, 294, 292, 944, 313
525, 850, 852, 853, 851
526, 482, 563, 948, 480
527, 719, 796, 1019, 701
528, 841, 850, 851, 248
529, 857, 247, 867, 858
530, 475, 948, 1061, 520
531, 383, 377, 338, 378
532, 199, 237, 722, 632
533, 342, 343, 939, 516
534, 514, 490, 866, 620
535, 1085, 590, 691, 799
536, 501, 287, 288, 289
537, 1201, 764, 1112, 945
538, 884, 885, 887, 883
539, 825, 861, 401, 614
540, 922, 291, 293, 354
541, 231, 678, 994, 679
542, 246, 897, 1018, 787
543, 308, 290, 289, 288
544, 959, 295, 297, 299
545, 871, 873, 1119, 872
546, 483, 484, 1003, 482
547, 437, 436, 435, 434
548, 448, 455, 456, 449
549, 228, 206, 207, 540
550, 327, 915, 355, 329
551, 227, 164, 165, 718
552, 443, 448, 449, 446
553, 762, 598, 594, 734
554, 226, 568, 186, 187
555, 738, 843, 243, 1046
556, 225, 567, 180, 181
557, 324, 341, 979, 913
558, 621, 1096, 758, 1115
559, 343, 344, 346, 345
560, 794, 733, 732, 742
561, 866, 490, 485, 496
562, 311, 317, 318, 312
563, 472, 473, 941, 471
564, 714, 713, 711, 712
565, 1132, 24, 206, 228
566, 1143, 225, 181, 16
567, 396, 394, 393, 395
568, 372, 631, 1054, 369
569, 651, 650, 648, 649
570, 394, 372, 371, 393
571, 1179, 1005, 31, 32
572, 608, 611, 709, 610
573, 289, 290, 292, 291
574, 372, 369, 368, 371
575, 490, 484, 483, 485
576, 455, 458, 459, 456
577, 527, 956, 417, 415
578, 480, 481, 483, 482
579, 983, 349, 351, 353
580, 561, 553, 550, 552
581, 199, 23, 539, 237
582, 301, 862, 959, 299
583, 434, 435, 988, 432
584, 821, 822, 1163, 518
585, 558, 559, 560, 557
586, 169, 12, 538, 236
587, 159, 700, 723, 219
588, 433, 946, 437, 434
589, 439, 438, 436, 437
590, 796, 508, 367, 1054
591, 343, 345, 600, 939
592, 1135, 193, 20, 634
593, 329, 355, 356, 331
594, 477, 479, 481, 480
595, 733, 505, 623, 732
596, 149, 697, 698, 220
597, 793, 949, 960, 622
598, 523, 353, 499, 500
599, 787, 625, 623, 624
600, 299, 300, 309, 301
601, 515, 390, 389, 388
602, 513, 669, 1182, 668
603, 806, 752, 961, 807
604, 758, 503, 502, 605
605, 493, 441, 440, 439
606, 316, 1071, 712, 1053
607, 294, 293, 291, 292
608, 825, 614, 830, 998
609, 754, 1061, 1202, 741
610, 377, 875, 337, 338
611, 213, 534, 1083, 846
612, 359, 507, 531, 381
613, 160, 5, 701, 238
614, 358, 360, 362, 361
615, 684, 686, 687, 221
616, 333, 875, 592, 386
617, 520, 473, 474, 475
618, 814, 384, 385, 529
619, 847, 828, 257, 1012
620, 302, 303, 307, 298
621, 511, 1167, 857, 858
622, 560, 559, 952, 573
623, 547, 550, 554, 548
624, 647, 646, 502, 491
625, 470, 564, 1238, 808
626, 936, 491, 463, 453
627, 1165, 808, 1238, 806
628, 311, 312, 316, 304
629, 1143, 16, 182, 641
630, 555, 571, 745, 594
631, 139, 902, 971, 873
632, 460, 461, 489, 459
633, 129, 981, 233, 128
634, 833, 574, 560, 573
635, 648, 647, 1030, 649
636, 644, 529, 385, 530
637, 624, 623, 505, 486
638, 296, 295, 293, 294
639, 965, 450, 453, 463
640, 835, 574, 833, 834
641, 548, 554, 571, 555
642, 298, 297, 295, 296
643, 548, 546, 545, 547
644, 503, 463, 491, 502
645, 441, 443, 444, 442
646, 333, 334, 337, 875
647, 401, 861, 406, 402
648, 608, 610, 638, 609
649, 907, 611, 608, 1002
650, 248, 840, 1109, 841
651, 383, 378, 385, 384
652, 1135, 266, 192, 193
653, 387, 388, 389, 352
654, 600, 345, 346, 347
655, 333, 310, 968, 334
656, 399, 396, 395, 980
657, 811, 37, 38, 955
658, 301, 309, 968, 310
659, 465, 464, 461, 462
660, 509, 373, 339, 340
661, 174, 175, 581, 265
662, 1132, 603, 205, 24
663, 706, 395, 393, 705
664, 337, 334, 968, 376
665, 766, 613, 1201, 767
666, 883, 233, 1097, 884
667, 906, 420, 432, 988
668, 1222, 485, 483, 984
669, 355, 357, 358, 356
670, 661, 526, 389, 390
671, 784, 525, 428, 1022
672, 739, 737, 526, 661
673, 6, 702, 975, 239
674, 603, 274, 204, 205
675, 365, 364, 506, 366
676, 521, 666, 667, 519
677, 1024, 637, 908, 1156
678, 474, 476, 477, 475
679, 187, 19, 565, 226
680, 251, 29, 30, 1033
681, 750, 560, 574, 953
682, 674, 1130, 788, 1144
683, 675, 1131, 789, 1145
684, 628, 947, 1141, 731
685, 583, 1146, 1128, 790
686, 671, 1129, 791, 1147
687, 595, 636, 1101, 211
688, 983, 347, 348, 349
689, 734, 594, 745, 954
690, 261, 972, 115, 116
691, 765, 786, 994, 699
692, 544, 546, 958, 551
693, 348, 350, 351, 349
694, 468, 993, 426, 429
695, 752, 805, 1028, 218
696, 1037, 1053, 710, 907
697, 616, 593, 500, 499
698, 614, 401, 399, 980
699, 479, 477, 476, 478
700, 756, 757, 769, 604
701, 495, 494, 479, 478
702, 404, 406, 999, 895
703, 553, 960, 554, 550
704, 555, 958, 546, 548
705, 898, 624, 486, 991
706, 628, 629, 976, 380
707, 546, 544, 543, 545
708, 357, 359, 360, 358
709, 495, 601, 639, 494
710, 1046, 847, 593, 616
711, 443, 446, 963, 444
712, 381, 531, 773, 532
713, 445, 444, 963, 447
714, 231, 995, 7, 146
715, 861, 825, 658, 824
716, 307, 967, 297, 298
717, 621, 622, 960, 553
718, 450, 447, 963, 453
719, 307, 1002, 606, 967
720, 606, 607, 968, 309
721, 62, 275, 1018, 897
722, 465, 519, 667, 991
723, 330, 331, 1021, 375
724, 486, 505, 986, 464
725, 299, 297, 967, 300
726, 541, 543, 544, 542
727, 309, 300, 967, 606
728, 445, 447, 1074, 452
729, 509, 511, 973, 373
730, 1203, 660, 1150, 942
731, 813, 95, 96, 1187
732, 1217, 989, 109, 110
733, 162, 163, 591, 273
734, 461, 460, 1058, 462
735, 376, 380, 976, 337
736, 453, 963, 1000, 936
737, 824, 658, 582, 657
738, 716, 717, 977, 602
739, 596, 1241, 277, 795
740, 249, 842, 1059, 943
741, 672, 173, 174, 575
742, 266, 576, 191, 192
743, 738, 1158, 255, 843
744, 391, 804, 599, 803
745, 676, 161, 162, 589
746, 677, 203, 204, 590
747, 464, 465, 991, 486
748, 350, 352, 985, 351
749, 30, 31, 1005, 263
750, 657, 582, 265, 581
751, 856, 1102, 1020, 261
752, 844, 780, 748, 1029
753, 602, 977, 735, 601
754, 338, 987, 385, 378
755, 226, 565, 779, 566
756, 456, 457, 1000, 449
757, 511, 870, 1121, 973
758, 871, 872, 1040, 241
759, 876, 957, 1222, 877
760, 367, 366, 990, 368
761, 337, 976, 987, 338
762, 489, 461, 464, 986
763, 242, 831, 46, 47
764, 352, 350, 1086, 387
765, 481, 479, 494, 978
766, 1002, 307, 1037, 907
767, 341, 1060, 707, 979
768, 27, 271, 1010, 26
769, 85, 272, 1011, 84
770, 66, 903, 1015, 65
771, 670, 13, 173, 672
772, 671, 18, 191, 673
773, 674, 9, 161, 676
774, 675, 22, 203, 677
775, 417, 956, 1068, 905
776, 552, 864, 1186, 562
777, 1154, 725, 1175, 896
778, 376, 968, 607, 1006
779, 538, 736, 1044, 236
780, 359, 381, 982, 360
781, 509, 340, 1161, 510
782, 824, 657, 863, 999
783, 916, 932, 1050, 924
784, 775, 982, 381, 532
785, 457, 1030, 936, 1000
786, 850, 630, 368, 990
787, 963, 446, 449, 1000
788, 740, 617, 586, 730
789, 1115, 1153, 888, 229
790, 353, 351, 985, 499
791, 200, 201, 579, 268
792, 182, 183, 583, 269
793, 137, 241, 1141, 136
794, 838, 1178, 445, 452
795, 768, 1073, 314, 379
796, 507, 359, 357, 1001
797, 259, 97, 98, 1008
798, 607, 606, 1002, 608
799, 892, 893, 1081, 572
800, 355, 643, 1001, 357
801, 803, 599, 273, 591
802, 483, 481, 978, 984
803, 380, 376, 1006, 627
804, 352, 389, 1025, 985
805, 286, 305, 1073, 935
806, 761, 1009, 50, 51
807, 459, 458, 1108, 460
808, 960, 1014, 571, 554
809, 1235, 759, 1068, 956
810, 1053, 1037, 304, 316
811, 361, 517, 1244, 865
812, 608, 609, 1006, 607
813, 1062, 1093, 695, 1143
814, 884, 886, 1231, 885
815, 427, 1022, 428, 425
816, 612, 535, 1245, 613
817, 872, 1034, 629, 1040
818, 766, 767, 1198, 768
819, 531, 507, 1126, 964
820, 828, 847, 1046, 243
821, 171, 577, 578, 267
822, 812, 580, 268, 579
823, 21, 197, 1024, 223
824, 363, 362, 1017, 364
825, 1251, 943, 1059, 739
826, 252, 732, 623, 625
827, 1201, 945, 1198, 767
828, 347, 983, 1190, 600
829, 1052, 584, 269, 583
830, 189, 585, 586, 270
831, 115, 972, 1220, 817
832, 125, 253, 1117, 124
833, 224, 1249, 931, 1114
834, 15, 1236, 581, 175
835, 436, 454, 1203, 942
836, 1167, 640, 1102, 857
837, 232, 794, 742, 1055
838, 545, 543, 549, 1016
839, 360, 982, 1017, 362
840, 499, 985, 1025, 616
841, 8, 218, 1028, 155
842, 793, 77, 78, 1193
843, 865, 1021, 331, 356
844, 639, 1092, 879, 1138
845, 373, 497, 1070, 339
846, 655, 696, 1122, 662
847, 932, 1205, 679, 1050
848, 415, 413, 1140, 527
849, 832, 457, 456, 1056
850, 476, 474, 1173, 522
851, 368, 630, 1047, 371
852, 435, 1150, 690, 988
853, 878, 879, 1092, 245
854, 627, 1006, 609, 1041
855, 950, 615, 1032, 951
856, 553, 561, 1096, 621
857, 140, 1, 25, 1168
858, 82, 3, 83, 1169
859, 491, 936, 1030, 647
860, 593, 1023, 524, 500
861, 240, 79, 80, 1038
862, 953, 1133, 540, 750
863, 228, 540, 1133, 541
864, 380, 627, 1031, 628
865, 615, 597, 1039, 656
866, 63, 2, 64, 1170
867, 121, 4, 122, 1171
868, 327, 279, 1241, 596
869, 574, 835, 1191, 953
870, 277, 278, 1249, 224
871, 157, 682, 1189, 156
872, 278, 277, 1241, 279
873, 149, 220, 1194, 148
874, 738, 1025, 389, 526
875, 307, 303, 304, 1037
876, 373, 973, 1231, 497
877, 169, 236, 1044, 781
878, 283, 931, 1249, 281
879, 410, 488, 1154, 896
880, 588, 660, 1203, 587
881, 847, 1012, 1023, 593
882, 288, 935, 1198, 308
883, 318, 319, 1070, 382
884, 752, 751, 1189, 961
885, 159, 219, 1196, 158
886, 628, 731, 1040, 629
887, 868, 276, 1171, 869
888, 436, 438, 1098, 454
889, 344, 392, 1152, 346
890, 11, 1246, 591, 163
891, 835, 834, 1074, 836
892, 226, 694, 1136, 568
893, 370, 928, 1210, 937
894, 668, 805, 1238, 564
895, 1252, 1173, 472, 912
896, 910, 909, 422, 1048
897, 213, 759, 1235, 746
898, 441, 442, 1178, 440
899, 1018, 1015, 903, 1209
900, 385, 987, 1034, 530
901, 793, 1080, 76, 77
902, 797, 633, 1101, 798
903, 80, 262, 1232, 1038
904, 741, 222, 1208, 754
905, 235, 692, 1120, 726
906, 225, 626, 1148, 567
907, 644, 530, 1119, 645
908, 629, 1034, 987, 976
909, 68, 69, 232, 1055
910, 408, 896, 1175, 487
911, 465, 462, 1058, 519
912, 705, 393, 371, 1047
913, 711, 710, 1053, 712
914, 368, 369, 1054, 367
915, 344, 924, 1050, 392
916, 681, 680, 1196, 683
917, 152, 688, 1216, 151
918, 75, 76, 1080, 229
919, 681, 683, 1175, 725
920, 678, 1194, 699, 994
921, 582, 658, 1049, 659
922, 171, 267, 1104, 170
923, 842, 255, 1158, 1059
924, 355, 915, 1199, 643
925, 502, 646, 1099, 969
926, 998, 1049, 658, 825
927, 55, 1128, 1064, 54
928, 113, 1129, 1065, 112
929, 35, 1130, 1066, 34
930, 93, 1131, 1067, 92
931, 704, 1179, 802, 589
932, 1063, 1097, 713, 714
933, 938, 1192, 1113, 693
934, 1097, 1063, 886, 884
935, 807, 961, 1195, 810
936, 21, 1240, 556, 208
937, 231, 1094, 664, 995
938, 186, 209, 1250, 185
939, 914, 918, 1223, 1123
940, 1223, 430, 1165, 809
941, 473, 520, 1155, 941
942, 966, 1204, 145, 217
943, 437, 946, 1212, 917
944, 365, 508, 1075, 826
945, 489, 1056, 456, 459
946, 846, 618, 905, 1068
947, 954, 745, 1232, 974
948, 697, 720, 1151, 698
949, 6, 239, 1213, 150
950, 650, 1072, 232, 881
951, 880, 1240, 21, 223
952, 586, 617, 1118, 270
953, 1189, 682, 1195, 961
954, 771, 584, 1052, 782
955, 516, 1060, 341, 342
956, 649, 832, 1125, 651
957, 849, 683, 1196, 992
958, 242, 830, 1197, 831
959, 793, 1193, 240, 949
960, 185, 1250, 535, 17
961, 717, 716, 1107, 1087
962, 603, 604, 1185, 274
963, 1197, 706, 1207, 831
964, 844, 1029, 1200, 374
965, 837, 836, 997, 1186
966, 661, 390, 515, 1069
967, 466, 525, 1156, 908
968, 450, 451, 1074, 447
969, 695, 755, 1076, 626
970, 570, 996, 1250, 209
971, 712, 1071, 1206, 714
972, 306, 314, 1073, 305
973, 685, 144, 145, 1204
974, 527, 1140, 893, 892
975, 1051, 863, 1236, 234
976, 320, 339, 1070, 319
977, 316, 312, 318, 1071
978, 1058, 1093, 521, 519
979, 730, 1020, 1215, 740
980, 1084, 1036, 1246, 227
981, 613, 766, 1089, 612
982, 577, 811, 1219, 578
983, 748, 780, 1112, 764
984, 734, 860, 250, 1239
985, 651, 1125, 933, 1172
986, 718, 904, 1084, 227
987, 388, 1004, 1124, 515
988, 363, 826, 1174, 517
989, 109, 1090, 257, 108
990, 503, 758, 1096, 1188
991, 537, 707, 1100, 536
992, 395, 706, 1197, 980
993, 585, 817, 1220, 586
994, 366, 506, 1233, 990
995, 36, 788, 1130, 35
996, 94, 789, 1131, 93
997, 56, 790, 1128, 55
998, 114, 791, 1129, 113
999, 532, 774, 1166, 775
1000, 580, 813, 1187, 717
1001, 549, 1191, 837, 1016
1002, 614, 980, 1197, 830
1003, 622, 792, 1080, 793
1004, 948, 563, 1202, 1061
1005, 1252, 498, 1183, 829
1006, 424, 430, 1223, 918
1007, 951, 1083, 534, 950
1008, 176, 234, 1236, 15
1009, 489, 1125, 832, 1056
1010, 971, 1010, 271, 1229
1011, 687, 1174, 826, 1075
1012, 247, 857, 1102, 856
1013, 1231, 973, 1121, 885
1014, 633, 533, 1162, 962
1015, 798, 1095, 501, 922
1016, 620, 866, 1069, 1045
1017, 1069, 515, 1124, 1045
1018, 823, 1177, 1239, 250
1019, 68, 1088, 252, 67
1020, 318, 382, 1206, 1071
1021, 816, 715, 1036, 1084
1022, 610, 709, 1176, 1043
1023, 494, 639, 1138, 978
1024, 1210, 928, 1180, 744
1025, 820, 619, 1163, 1079
1026, 773, 531, 964, 1078
1027, 1232, 1014, 1226, 1038
1028, 748, 747, 1200, 1029
1029, 388, 387, 1151, 1004
1030, 578, 642, 1104, 267
1031, 153, 154, 1182, 940
1032, 59, 260, 1211, 58
1033, 1151, 720, 1124, 1004
1034, 771, 1164, 1062, 721
1035, 439, 440, 1098, 438
1036, 164, 227, 1246, 11
1037, 697, 1213, 1026, 720
1038, 749, 930, 374, 1200
1039, 868, 869, 1117, 870
1040, 782, 57, 58, 1211
1041, 689, 690, 1150, 660
1042, 350, 348, 1152, 1086
1043, 589, 802, 1227, 676
1044, 455, 492, 1108, 458
1045, 647, 648, 1099, 646
1046, 986, 933, 1125, 489
1047, 687, 1106, 142, 221
1048, 330, 375, 1180, 928
1049, 512, 1105, 320, 319
1050, 717, 1087, 268, 580
1051, 840, 254, 1207, 1109
1052, 661, 1103, 1251, 739
1053, 752, 806, 1238, 805
1054, 600, 1190, 753, 1035
1055, 869, 123, 124, 1117
1056, 713, 1097, 233, 981
1057, 601, 735, 1092, 639
1058, 728, 727, 1218, 770
1059, 572, 746, 1235, 892
1060, 663, 662, 1122, 664
1061, 543, 541, 1133, 549
1062, 1048, 422, 914, 1123
1063, 945, 1112, 313, 944
1064, 956, 527, 892, 1235
1065, 397, 518, 1163, 619
1066, 739, 1059, 1158, 737
1067, 811, 955, 724, 1219
1068, 441, 493, 1159, 899
1069, 604, 603, 1132, 756
1070, 969, 889, 888, 1153
1071, 778, 1161, 320, 1105
1072, 696, 1210, 744, 966
1073, 1164, 521, 1093, 1062
1074, 622, 621, 1115, 792
1075, 1038, 1226, 949, 240
1076, 467, 498, 1252, 912
1077, 251, 1160, 1091, 859
1078, 237, 539, 1113, 1192
1079, 211, 1101, 633, 962
1080, 626, 225, 1143, 695
1081, 1173, 839, 1243, 522
1082, 853, 852, 1233, 854
1083, 645, 1091, 1160, 644
1084, 643, 1199, 781, 1044
1085, 412, 411, 1140, 413
1086, 845, 1039, 1076, 492
1087, 947, 135, 136, 1141
1088, 784, 1142, 690, 689
1089, 769, 1149, 264, 1139
1090, 97, 259, 1187, 96
1091, 251, 1033, 1127, 815
1092, 26, 1010, 1168, 25
1093, 84, 1011, 1169, 83
1094, 65, 1015, 1170, 64
1095, 541, 542, 1132, 228
1096, 466, 908, 1183, 498
1097, 661, 1069, 866, 1103
1098, 703, 1051, 234, 1081
1099, 909, 910, 1154, 488
1100, 683, 849, 487, 1175
1101, 436, 942, 1150, 435
1102, 592, 904, 718, 1162
1103, 568, 1136, 749, 569
1104, 771, 666, 521, 1164
1105, 951, 1212, 635, 1083
1106, 605, 1153, 1115, 758
1107, 672, 800, 53, 1224
1108, 110, 111, 1225, 801
1109, 30, 263, 1127, 1033
1110, 259, 977, 717, 1187
1111, 938, 522, 1243, 1192
1112, 609, 638, 1116, 1041
1113, 509, 510, 1215, 640
1114, 347, 346, 1152, 348
1115, 34, 1227, 802, 33
1116, 632, 1183, 908, 637
1117, 991, 667, 1228, 898
1118, 426, 993, 1165, 430
1119, 79, 240, 1193, 78
1120, 189, 270, 1118, 188
1121, 1104, 1126, 736, 538
1122, 382, 1063, 714, 1206
1123, 454, 1098, 838, 1007
1124, 81, 82, 1169, 901
1125, 139, 140, 1168, 902
1126, 513, 941, 1155, 669
1127, 339, 320, 1161, 340
1128, 728, 989, 1217, 727
1129, 444, 445, 1178, 442
1130, 62, 63, 1170, 275
1131, 120, 121, 1171, 276
1132, 890, 230, 1031, 1116
1133, 266, 727, 1217, 576
1134, 529, 644, 1160, 772
1135, 532, 773, 1242, 774
1136, 657, 581, 1236, 863
1137, 685, 744, 1180, 743
1138, 502, 969, 1153, 605
1139, 699, 698, 1151, 765
1140, 960, 949, 1226, 1014
1141, 698, 699, 1194, 220
1142, 638, 1248, 890, 1116
1143, 110, 801, 576, 1217
1144, 1048, 1123, 1223, 810
1145, 473, 472, 1173, 474
1146, 836, 837, 1191, 835
1147, 672, 575, 1221, 800
1148, 748, 764, 1201, 763
1149, 1245, 535, 1250, 996
1150, 944, 308, 1198, 945
1151, 542, 544, 551, 1184
1152, 774, 1242, 258, 900
1153, 1182, 669, 1208, 940
1154, 640, 1167, 511, 509
1155, 943, 1251, 496, 957
1156, 733, 794, 1172, 933
1157, 558, 556, 1240, 880
1158, 757, 818, 1149, 769
1159, 327, 596, 1199, 915
1160, 526, 737, 1158, 738
1161, 211, 962, 1162, 718
1162, 627, 1041, 1116, 1031
1163, 1027, 1005, 1179, 704
1164, 655, 937, 1210, 696
1165, 926, 665, 1205, 932
1166, 710, 711, 1176, 709
1167, 930, 749, 1136, 1137
1168, 613, 1245, 763, 1201
1169, 807, 810, 1223, 809
1170, 559, 587, 1203, 952
1171, 741, 1202, 1003, 776
1172, 799, 691, 1139, 1013
1173, 280, 281, 1249, 278
1174, 468, 808, 1165, 993
1175, 974, 901, 1169, 1011
1176, 971, 902, 1168, 1010
1177, 450, 965, 1234, 451
1178, 1045, 1124, 720, 1026
1179, 433, 635, 1212, 946
1180, 1173, 1252, 829, 839
1181, 1018, 275, 1170, 1015
1182, 982, 775, 1157, 1017
1183, 670, 672, 1224, 1064
1184, 801, 1225, 1065, 673
1185, 1177, 762, 734, 1239
1186, 569, 749, 1200, 747
1187, 364, 1017, 1157, 506
1188, 264, 1149, 1177, 823
1189, 567, 1148, 1039, 597
1190, 353, 523, 1190, 983
1191, 744, 685, 1204, 966
1192, 9, 674, 1144, 172
1193, 22, 675, 1145, 202
1194, 13, 670, 1146, 184
1195, 18, 671, 1147, 190
1196, 723, 992, 1196, 219
1197, 463, 503, 1188, 965
1198, 762, 1177, 1149, 818
1199, 159, 160, 238, 1230
1200, 753, 1042, 1135, 634
1201, 708, 1234, 965, 1188
1202, 829, 722, 1243, 839
1203, 237, 1192, 1243, 722
1204, 913, 979, 1214, 729
1205, 571, 1014, 1232, 745
1206, 1146, 670, 1064, 1128
1207, 673, 1065, 1129, 671
1208, 676, 1066, 1130, 674
1209, 677, 1067, 1131, 675
1210, 610, 1043, 1248, 638
1211, 708, 562, 1186, 997
1212, 688, 776, 1077, 1216
1213, 223, 1024, 1156, 785
1214, 53, 54, 1064, 1224
1215, 111, 112, 1065, 1225
1216, 615, 656, 1159, 1032
1217, 676, 1227, 34, 1066
1218, 159, 1230, 1079, 700
1219, 761, 1221, 575, 970
1220, 89, 1013, 1139, 264
1221, 1005, 1027, 1127, 263
1222, 955, 1110, 1078, 724
1223, 770, 1023, 1012, 1237
1224, 482, 1003, 1202, 563
1225, 200, 268, 1087, 1107
1226, 755, 1108, 492, 1076
1227, 451, 1234, 708, 997
1228, 721, 1062, 1143, 641
1229, 664, 1094, 1205, 665
1230, 570, 763, 1245, 996
1231, 917, 1032, 1159, 493
1232, 972, 730, 586, 1220
1233, 642, 578, 1219, 724
1234, 595, 1114, 1095, 636
1235, 787, 1018, 1209, 625
1236, 379, 729, 1214, 1089
1237, 805, 668, 1182, 1028
1238, 1078, 1110, 1242, 773
1239, 803, 591, 1246, 1036
1240, 1090, 1237, 1012, 257
1241, 626, 1076, 1039, 1148
1242, 865, 1244, 760, 1021
1243, 975, 1026, 1213, 239
1244, 1244, 517, 1174, 1057
1245, 1195, 725, 1154, 910
1246, 650, 651, 1172, 1072
1247, 1082, 1134, 1211, 260
1248, 777, 1137, 1136, 694
1249, 955, 258, 1242, 1110
1250, 971, 1229, 1091, 645
1251, 890, 1248, 1043, 891
1252, 561, 708, 1188, 1096
1253, 681, 725, 1195, 682
1254, 666, 1082, 1228, 667
1255, 692, 1100, 1247, 1120
1256, 524, 1218, 1135, 1042
1257, 46, 831, 1207, 254
1258, 975, 702, 1216, 1077
1259, 877, 1181, 1138, 879
1260, 1060, 1247, 1100, 707
1261, 686, 760, 1244, 1057
1262, 266, 1135, 1218, 727
1263, 1060, 516, 1120, 1247
1264, 978, 1138, 1181, 984
1265, 274, 1185, 1139, 691
1266, 866, 496, 1251, 1103
1267, 859, 1091, 1229, 271
1268, 604, 769, 1139, 1185
1269, 510, 1111, 740, 1215
1270, 771, 782, 1211, 1134
1271, 669, 1155, 754, 1208
1272, 854, 1233, 506, 1157
*ELSET,ELSET=PhysicalLine1
1, 2, 3, 4, 5, 6, 7, 8, 9, 10, 
11, 12, 13, 14, 15, 16, 17, 18, 19, 20, 
21, 22, 23, 24, 25, 26, 27, 28, 29, 30, 
31, 32, 33, 34, 35, 36, 37, 38, 39, 40, 
*ELSET,ELSET=PhysicalLine2
41, 42, 43, 44, 45, 46, 47, 48, 49, 50, 
51, 52, 53, 54, 55, 56, 57, 58, 59, 60, 
*ELSET,ELSET=PhysicalLine3
61, 62, 63, 64, 65, 66, 67, 68, 69, 70, 
71, 72, 73, 74, 75, 76, 77, 78, 79, 80, 
81, 82, 83, 84, 85, 86, 87, 88, 89, 90, 
91, 92, 93, 94, 95, 96, 97, 98, 99, 100, 
*ELSET,ELSET=PhysicalLine4
101, 102, 103, 104, 105, 106, 107, 108, 109, 110, 
111, 112, 113, 114, 115, 116, 117, 118, 119, 120, 
*ELSET,ELSET=PhysicalSurface6
121, 122, 123, 124, 125, 126, 127, 128, 129, 130, 
131, 132, 133, 134, 135, 136, 137, 138, 139, 140, 
141, 142, 143, 144, 145, 146, 147, 148, 149, 150, 
151, 152, 153, 154, 155, 156, 157, 158, 159, 160, 
161, 162, 163, 164, 165, 166, 167, 168, 169, 170, 
171, 172, 173, 174, 175, 176, 177, 178, 179, 180, 
181, 182, 183, 184, 185, 186, 187, 188, 189, 190, 
191, 192, 193, 194, 195, 196, 197, 198, 199, 200, 
201, 202, 203, 204, 205, 206, 207, 208, 209, 210, 
211, 212, 213, 214, 215, 216, 217, 218, 219, 220, 
221, 222, 223, 224, 225, 226, 227, 228, 229, 230, 
231, 232, 233, 234, 235, 236, 237, 238, 239, 240, 
241, 242, 243, 244, 245, 246, 247, 248, 249, 250, 
251, 252, 253, 254, 255, 256, 257, 258, 259, 260, 
261, 262, 263, 264, 265, 266, 267, 268, 269, 270, 
271, 272, 273, 274, 275, 276, 277, 278, 279, 280, 
281, 282, 283, 284, 285, 286, 287, 288, 289, 290, 
291, 292, 293, 294, 295, 296, 297, 298, 299, 300, 
301, 302, 303, 304, 305, 306, 307, 308, 309, 310, 
311, 312, 313, 314, 315, 316, 317, 318, 319, 320, 
321, 322, 323, 324, 325, 326, 327, 328, 329, 330, 
331, 332, 333, 334, 335, 336, 337, 338, 339, 340, 
341, 342, 343, 344, 345, 346, 347, 348, 349, 350, 
351, 352, 353, 354, 355, 356, 357, 358, 359, 360, 
361, 362, 363, 364, 365, 366, 367, 368, 369, 370, 
371, 372, 373, 374, 375, 376, 377, 378, 379, 380, 
381, 382, 383, 384, 385, 386, 387, 388, 389, 390, 
391, 392, 393, 394, 395, 396, 397, 398, 399, 400, 
401, 402, 403, 404, 405, 406, 407, 408, 409, 410, 
411, 412, 413, 414, 415, 416, 417, 418, 419, 420, 
421, 422, 423, 424, 425, 426, 427, 428, 429, 430, 
431, 432, 433, 434, 435, 436, 437, 438, 439, 440, 
441, 442, 443, 444, 445, 446, 447, 448, 449, 450, 
451, 452, 453, 454, 455, 456, 457, 458, 459, 460, 
461, 462, 463, 464, 465, 466, 467, 468, 469, 470, 
471, 472, 473, 474, 475, 476, 477, 478, 479, 480, 
481, 482, 483, 484, 485, 486, 487, 488, 489, 490, 
491, 492, 493, 494, 495, 496, 497, 498, 499, 500, 
501, 502, 503, 504, 505, 506, 507, 508, 509, 510, 
511, 512, 513, 514, 515, 516, 517, 518, 519, 520, 
521, 522, 523, 524, 525, 526, 527, 528, 529, 530, 
531, 532, 533, 534, 535, 536, 537, 538, 539, 540, 
541, 542, 543, 544, 545, 546, 547, 548, 549, 550, 
551, 552, 553, 554, 555, 556, 557, 558, 559, 560, 
561, 562, 563, 564, 565, 566, 567, 568, 569, 570, 
571, 572, 573, 574, 575, 576, 577, 578, 579, 580, 
581, 582, 583, 584, 585, 586, 587, 588, 589, 590, 
591, 592, 593, 594, 595, 596, 597, 598, 599, 600, 
601, 602, 603, 604, 605, 606, 607, 608, 609, 610, 
611, 612, 613, 614, 615, 616, 617, 618, 619, 620, 
621, 622, 623, 624, 625, 626, 627, 628, 629, 630, 
631, 632, 633, 634, 635, 636, 637, 638, 639, 640, 
641, 642, 643, 644, 645, 646, 647, 648, 649, 650, 
651, 652, 653, 654, 655, 656, 657, 658, 659, 660, 
661, 662, 663, 664, 665, 666, 667, 668, 669, 670, 
671, 672, 673, 674, 675, 676, 677, 678, 679, 680, 
681, 682, 683, 684, 685, 686, 687, 688, 689, 690, 
691, 692, 693, 694, 695, 696, 697, 698, 699, 700, 
701, 702, 703, 704, 705, 706, 707, 708, 709, 710, 
711, 712, 713, 714, 715, 716, 717, 718, 719, 720, 
721, 722, 723, 724, 725, 726, 727, 728, 729, 730, 
731, 732, 733, 734, 735, 736, 737, 738, 739, 740, 
741, 742, 743, 744, 745, 746, 747, 748, 749, 750, 
751, 752, 753, 754, 755, 756, 757, 758, 759, 760, 
761, 762, 763, 764, 765, 766, 767, 768, 769, 770, 
771, 772, 773, 774, 775, 776, 777, 778, 779, 780, 
781, 782, 783, 784, 785, 786, 787, 788, 789, 790, 
791, 792, 793, 794, 795, 796, 797, 798, 799, 800, 
801, 802, 803, 804, 805, 806, 807, 808, 809, 810, 
811, 812, 813, 814, 815, 816, 817, 818, 819, 820, 
821, 822, 823, 824, 825, 826, 827, 828, 829, 830, 
831, 832, 833, 834, 835, 836, 837, 838, 839, 840, 
841, 842, 843, 844, 845, 846, 847, 848, 849, 850, 
851, 852, 853, 854, 855, 856, 857, 858, 859, 860, 
861, 862, 863, 864, 865, 866, 867, 868, 869, 870, 
871, 872, 873, 874, 875, 876, 877, 878, 879, 880, 
881, 882, 883, 884, 885, 886, 887, 888, 889, 890, 
891, 892, 893, 894, 895, 896, 897, 898, 899, 900, 
901, 902, 903, 904, 905, 906, 907, 908, 909, 910, 
911, 912, 913, 914, 915, 916, 917, 918, 919, 920, 
921, 922, 923, 924, 925, 926, 927, 928, 929, 930, 
931, 932, 933, 934, 935, 936, 937, 938, 939, 940, 
941, 942, 943, 944, 945, 946, 947, 948, 949, 950, 
951, 952, 953, 954, 955, 956, 957, 958, 959, 960, 
961, 962, 963, 964, 965, 966, 967, 968, 969, 970, 
971, 972, 973, 974, 975, 976, 977, 978, 979, 980, 
981, 982, 983, 984, 985, 986, 987, 988, 989, 990, 
991, 992, 993, 994, 995, 996, 997, 998, 999, 1000, 
1001, 1002, 1003, 1004, 1005, 1006, 1007, 1008, 1009, 1010, 
1011, 1012, 1013, 1014, 1015, 1016, 1017, 1018, 1019, 1020, 
1021, 1022, 1023, 1024, 1025, 1026, 1027, 1028, 1029, 1030, 
1031, 1032, 1033, 1034, 1035, 1036, 1037, 1038, 1039, 1040, 
1041, 1042, 1043, 1044, 1045, 1046, 1047, 1048, 1049, 1050, 
1051, 1052, 1053, 1054, 1055, 1056, 1057, 1058, 1059, 1060, 
1061, 1062, 1063, 1064, 1065, 1066, 1067, 1068, 1069, 1070, 
1071, 1072, 1073, 1074, 1075, 1076, 1077, 1078, 1079, 1080, 
1081, 1082, 1083, 1084, 1085, 1086, 1087, 1088, 1089, 1090, 
1091, 1092, 1093, 1094, 1095, 1096, 1097, 1098, 1099, 1100, 
1101, 1102, 1103, 1104, 1105, 1106, 1107, 1108, 1109, 1110, 
1111, 1112, 1113, 1114, 1115, 1116, 1117, 1118, 1119, 1120, 
1121, 1122, 1123, 1124, 1125, 1126, 1127, 1128, 1129, 1130, 
1131, 1132, 1133, 1134, 1135, 1136, 1137, 1138, 1139, 1140, 
1141, 1142, 1143, 1144, 1145, 1146, 1147, 1148, 1149, 1150, 
1151, 1152, 1153, 1154, 1155, 1156, 1157, 1158, 1159, 1160, 
1161, 1162, 1163, 1164, 1165, 1166, 1167, 1168, 1169, 1170, 
1171, 1172, 1173, 1174, 1175, 1176, 1177, 1178, 1179, 1180, 
1181, 1182, 1183, 1184, 1185, 1186, 1187, 1188, 1189, 1190, 
1191, 1192, 1193, 1194, 1195, 1196, 1197, 1198, 1199, 1200, 
1201, 1202, 1203, 1204, 1205, 1206, 1207, 1208, 1209, 1210, 
1211, 1212, 1213, 1214, 1215, 1216, 1217, 1218, 1219, 1220, 
1221, 1222, 1223, 1224, 1225, 1226, 1227, 1228, 1229, 1230, 
1231, 1232, 1233, 1234, 1235, 1236, 1237, 1238, 1239, 1240, 
1241, 1242, 1243, 1244, 1245, 1246, 1247, 1248, 1249, 1250, 
1251, 1252, 1253, 1254, 1255, 1256, 1257, 1258, 1259, 1260, 
1261, 1262, 1263, 1264, 1265, 1266, 1267, 1268, 1269, 1270, 
1271, 1272, 
*NSET,NSET=PhysicalLine1
1, 2, 25, 26, 27, 28, 29, 30, 31, 32, 
33, 34, 35, 36, 37, 38, 39, 40, 41, 42, 
43, 44, 45, 46, 47, 48, 49, 50, 51, 52, 
53, 54, 55, 56, 57, 58, 59, 60, 61, 62, 
63, 
*NSET,NSET=PhysicalLine2
2, 3, 64, 65, 66, 67, 68, 69, 70, 71, 
72, 73, 74, 75, 76, 77, 78, 79, 80, 81, 
82, 
*NSET,NSET=PhysicalLine3
3, 4, 83, 84, 85, 86, 87, 88, 89, 90, 
91, 92, 93, 94, 95, 96, 97, 98, 99, 100, 
101, 102, 103, 104, 105, 106, 107, 108, 109, 110, 
111, 112, 113, 114, 115, 116, 117, 118, 119, 120, 
121, 
*NSET,NSET=PhysicalLine4
1, 4, 122, 123, 124, 125, 126, 127, 128, 129, 
130, 131, 132, 133, 134, 135, 136, 137, 138, 139, 
140, 
*NSET,NSET=PhysicalSurface6
1, 2, 3, 4, 5, 6, 7, 8, 9, 10, 
11, 12, 13, 14, 15, 16, 17, 18, 19, 20, 
21, 22, 23, 24, 25, 26, 27, 28, 29, 30, 
31, 32, 33, 34, 35, 36, 37, 38, 39, 40, 
41, 42, 43, 44, 45, 46, 47, 48, 49, 50, 
51, 52, 53, 54, 55, 56, 57, 58, 59, 60, 
61, 62, 63, 64, 65, 66, 67, 68, 69, 70, 
71, 72, 73, 74, 75, 76, 77, 78, 79, 80, 
81, 82, 83, 84, 85, 86, 87, 88, 89, 90, 
91, 92, 93, 94, 95, 96, 97, 98, 99, 100, 
101, 102, 103, 104, 105, 106, 107, 108, 109, 110, 
111, 112, 113, 114, 115, 116, 117, 118, 119, 120, 
121, 122, 123, 124, 125, 126, 127, 128, 129, 130, 
131, 132, 133, 134, 135, 136, 137, 138, 139, 140, 
141, 142, 143, 144, 145, 146, 147, 148, 149, 150, 
151, 152, 153, 154, 155, 156, 157, 158, 159, 160, 
161, 162, 163, 164, 165, 166, 167, 168, 169, 170, 
171, 172, 173, 174, 175, 176, 177, 178, 179, 180, 
181, 182, 183, 184, 185, 186, 187, 188, 189, 190, 
191, 192, 193, 194, 195, 196, 197, 198, 199, 200, 
201, 202, 203, 204, 205, 206, 207, 208, 209, 210, 
211, 212, 213, 214, 215, 216, 217, 218, 219, 220, 
221, 222, 223, 224, 225, 226, 227, 228, 229, 230, 
231, 232, 233, 234, 235, 236, 237, 238, 239, 240, 
241, 242, 243, 244, 245, 246, 247, 248, 249, 250, 
251, 252, 253, 254, 255, 256, 257, 258, 259, 260, 
261, 262, 263, 264, 265, 266, 267, 268, 269, 270, 
271, 272, 273, 274, 275, 276, 277, 278, 279, 280, 
281, 282, 283, 284, 285, 286, 287, 288, 289, 290, 
291, 292, 293, 294, 295, 296, 297, 298, 299, 300, 
301, 302, 303, 304, 305, 306, 307, 308, 309, 310, 
311, 312, 313, 314, 315, 316, 317, 318, 319, 320, 
321, 322, 323, 324, 325, 326, 327, 328, 329, 330, 
331, 332, 333, 334, 335, 336, 337, 338, 339, 340, 
341, 342, 343, 344, 345, 346, 347, 348, 349, 350, 
351, 352, 353, 354, 355, 356, 357, 358, 359, 360, 
361, 362, 363, 364, 365, 366, 367, 368, 369, 370, 
371, 372, 373, 374, 375, 376, 377, 378, 379, 380, 
381, 382, 383, 384, 385, 386, 387, 388, 389, 390, 
391, 392, 393, 394, 395, 396, 397, 398, 399, 400, 
401, 402, 403, 404, 405, 406, 407, 408, 409, 410, 
411, 412, 413, 414, 415, 416, 417, 418, 419, 420, 
421, 422, 423, 424, 425, 426, 427, 428, 429, 430, 
431, 432, 433, 434, 435, 436, 437, 438, 439, 440, 
441, 442, 443, 444, 445, 446, 447, 448, 449, 450, 
451, 452, 453, 454, 455, 456, 457, 458, 459, 460, 
461, 462, 463, 464, 465, 466, 467, 468, 469, 470, 
471, 472, 473, 474, 475, 476, 477, 478, 479, 480, 
481, 482, 483, 484, 485, 486, 487, 488, 489, 490, 
491, 492, 493, 494, 495, 496, 497, 498, 499, 500, 
501, 502, 503, 504, 505, 506, 507, 508, 509, 510, 
511, 512, 513, 514, 515, 516, 517, 518, 519, 520, 
521, 522, 523, 524, 525, 526, 527, 528, 529, 530, 
531, 532, 533, 534, 535, 536, 537, 538, 539, 540, 
541, 542, 543, 544, 545, 546, 547, 548, 549, 550, 
551, 552, 553, 554, 555, 556, 557, 558, 559, 560, 
561, 562, 563, 564, 565, 566, 567, 568, 569, 570, 
571, 572, 573, 574, 575, 576, 577, 578, 579, 580, 
581, 582, 583, 584, 585, 586, 587, 588, 589, 590, 
591, 592, 593, 594, 595, 596, 597, 598, 599, 600, 
601, 602, 603, 604, 605, 606, 607, 608, 609, 610, 
611, 612, 613, 614, 615, 616, 617, 618, 619, 620, 
621, 622, 623, 624, 625, 626, 627, 628, 629, 630, 
631, 632, 633, 634, 635, 636, 637, 638, 639, 640, 
641, 642, 643, 644, 645, 646, 647, 648, 649, 650, 
651, 652, 653, 654, 655, 656, 657, 658, 659, 660, 
661, 662, 663, 664, 665, 666, 667, 668, 669, 670, 
671, 672, 673, 674, 675, 676, 677, 678, 679, 680, 
681, 682, 683, 684, 685, 686, 687, 688, 689, 690, 
691, 692, 693, 694, 695, 696, 697, 698, 699, 700, 
701, 702, 703, 704, 705, 706, 707, 708, 709, 710, 
711, 712, 713, 714, 715, 716, 717, 718, 719, 720, 
721, 722, 723, 724, 725, 726, 727, 728, 729, 730, 
731, 732, 733, 734, 735, 736, 737, 738, 739, 740, 
741, 742, 743, 744, 745, 746, 747, 748, 749, 750, 
751, 752, 753, 754, 755, 756, 757, 758, 759, 760, 
761, 762, 763, 764, 765, 766, 767, 768, 769, 770, 
771, 772, 773, 774, 775, 776, 777, 778, 779, 780, 
781, 782, 783, 784, 785, 786, 787, 788, 789, 790, 
791, 792, 793, 794, 795, 796, 797, 798, 799, 800, 
801, 802, 803, 804, 805, 806, 807, 808, 809, 810, 
811, 812, 813, 814, 815, 816, 817, 818, 819, 820, 
821, 822, 823, 824, 825, 826, 827, 828, 829, 830, 
831, 832, 833, 834, 835, 836, 837, 838, 839, 840, 
841, 842, 843, 844, 845, 846, 847, 848, 849, 850, 
851, 852, 853, 854, 855, 856, 857, 858, 859, 860, 
861, 862, 863, 864, 865, 866, 867, 868, 869, 870, 
871, 872, 873, 874, 875, 876, 877, 878, 879, 880, 
881, 882, 883, 884, 885, 886, 887, 888, 889, 890, 
891, 892, 893, 894, 895, 896, 897, 898, 899, 900, 
901, 902, 903, 904, 905, 906, 907, 908, 909, 910, 
911, 912, 913, 914, 915, 916, 917, 918, 919, 920, 
921, 922, 923, 924, 925, 926, 927, 928, 929, 930, 
931, 932, 933, 934, 935, 936, 937, 938, 939, 940, 
941, 942, 943, 944, 945, 946, 947, 948, 949, 950, 
951, 952, 953, 954, 955, 956, 957, 958, 959, 960, 
961, 962, 963, 964, 965, 966, 967, 968, 969, 970, 
971, 972, 973, 974, 975, 976, 977, 978, 979, 980, 
981, 982, 983, 984, 985, 986, 987, 988, 989, 990, 
991, 992, 993, 994, 995, 996, 997, 998, 999, 1000, 
1001, 1002, 1003, 1004, 1005, 1006, 1007, 1008, 1009, 1010, 
1011, 1012, 1013, 1014, 1015, 1016, 1017, 1018, 1019, 1020, 
1021, 1022, 1023, 1024, 1025, 1026, 1027, 1028, 1029, 1030, 
1031, 1032, 1033, 1034, 1035, 1036, 1037, 1038, 1039, 1040, 
1041, 1042, 1043, 1044, 1045, 1046, 1047, 1048, 1049, 1050, 
1051, 1052, 1053, 1054, 1055, 1056, 1057, 1058, 1059, 1060, 
1061, 1062, 1063, 1064, 1065, 1066, 1067, 1068, 1069, 1070, 
1071, 1072, 1073, 1074, 1075, 1076, 1077, 1078, 1079, 1080, 
1081, 1082, 1083, 1084, 1085, 1086, 1087, 1088, 1089, 1090, 
1091, 1092, 1093, 1094, 1095, 1096, 1097, 1098, 1099, 1100, 
1101, 1102, 1103, 1104, 1105, 1106, 1107, 1108, 1109, 1110, 
1111, 1112, 1113, 1114, 1115, 1116, 1117, 1118, 1119, 1120, 
1121, 1122, 1123, 1124, 1125, 1126, 1127, 1128, 1129, 1130, 
1131, 1132, 1133, 1134, 1135, 1136, 1137, 1138, 1139, 1140, 
1141, 1142, 1143, 1144, 1145, 1146, 1147, 1148, 1149, 1150, 
1151, 1152, 1153, 1154, 1155, 1156, 1157, 1158, 1159, 1160, 
1161, 1162, 1163, 1164, 1165, 1166, 1167, 1168, 1169, 1170, 
1171, 1172, 1173, 1174, 1175, 1176, 1177, 1178, 1179, 1180, 
1181, 1182, 1183, 1184, 1185, 1186, 1187, 1188, 1189, 1190, 
1191, 1192, 1193, 1194, 1195, 1196, 1197, 1198, 1199, 1200, 
1201, 1202, 1203, 1204, 1205, 1206, 1207, 1208, 1209, 1210, 
1211, 1212, 1213, 1214, 1215, 1216, 1217, 1218, 1219, 1220, 
1221, 1222, 1223, 1224, 1225, 1226, 1227, 1228, 1229, 1230, 
1231, 1232, 1233, 1234, 1235, 1236, 1237, 1238, 1239, 1240, 
1241, 1242, 1243, 1244, 1245, 1246, 1247, 1248, 1249, 1250, 
1251, 1252, 
