1, -1, -0.5, 0
2, 1, -0.5, 0
3, 1, 0.5, 0
4, -1, 0.5, 0
5, 0, -0.15, 0
6, 0, 0.15, 0
7, -0.15, 0, 0
8, 0.15, 0, 0
9, -0.5, -0.4, 0
10, -0.5, -0.2, 0
11, -0.6, -0.3, 0
12, -0.4, -0.3, 0
13, 0.5, -0.4, 0
14, 0.5, -0.2, 0
15, 0.4, -0.3, 0
16, 0.6, -0.3, 0
17, -0.5, 0.2, 0
18, -0.5, 0.4, 0
19, -0.6, 0.3, 0
20, -0.4, 0.3, 0
21, 0.5, 0.2, 0
22, 0.5, 0.4, 0
23, 0.4, 0.3, 0
24, 0.6, 0.3, 0
25, -0.95000000000014, -0.5, 0
26, -0.90000000000028, -0.5, 0
27, -0.85000000000042, -0.5, 0
28, -0.80000000000055, -0.5, 0
29, -0.75000000000069, -0.5, 0
30, -0.70000000000083, -0.5, 0
31, -0.65000000000097, -0.5, 0
32, -0.60000000000111, -0.5, 0
33, -0.55000000000125, -0.5, 0
34, -0.50000000000139, -0.5, 0
35, -0.45000000000153, -0.5, 0
36, -0.40000000000166, -0.5, 0
37, -0.3500000000018, -0.5, 0
38, -0.30000000000194, -0.5, 0
39, -0.25000000000208, -0.5, 0
40, -0.20000000000222, -0.5, 0
41, -0.15000000000236, -0.5, 0
42, -0.1000000000025, -0.5, 0
43, -0.050000000002635, -0.5, 0
44, -2.7522428780458e-12, -0.5, 0
45, 0.049999999997365, -0.5, 0
46, 0.099999999997503, -0.5, 0
47, 0.14999999999764, -0.5, 0
48, 0.19999999999778, -0.5, 0
49, 0.24999999999792, -0.5, 0
50, 0.29999999999806, -0.5, 0
51, 0.3499999999982, -0.5, 0
52, 0.39999999999834, -0.5, 0
53, 0.44999999999847, -0.5, 0
54, 0.49999999999861, -0.5, 0
55, 0.54999999999875, -0.5, 0
56, 0.59999999999889, -0.5, 0
57, 0.64999999999903, -0.5, 0
58, 0.69999999999917, -0.5, 0
59, 0.74999999999931, -0.5, 0
60, 0.79999999999945, -0.5, 0
61, 0.84999999999958, -0.5, 0
62, 0.89999999999972, -0.5, 0
63, 0.94999999999986, -0.5, 0
64, 1, -0.45000000000014, 0
65, 1, -0.40000000000028, 0
66, 1, -0.35000000000042, 0
67, 1, -0.30000000000055, 0
68, 1, -0.25000000000069, 0
69, 1, -0.20000000000083, 0
70, 1, -0.15000000000097, 0
71, 1, -0.10000000000111, 0
72, 1, -0.050000000001248, 0
73, 1, -1.3761214390229e-12, 0
74, 1, 0.049999999998752, 0
75, 1, 0.09999999999889, 0
76, 1, 0.14999999999903, 0
77, 1, 0.19999999999917, 0
78, 1, 0.24999999999931, 0
79, 1, 0.29999999999945, 0
80, 1, 0.34999999999958, 0
81, 1, 0.39999999999972, 0
82, 1, 0.44999999999986, 0
83, 0.95000000000014, 0.5, 0
84, 0.90000000000028, 0.5, 0
85, 0.85000000000042, 0.5, 0
86, 0.80000000000055, 0.5, 0
87, 0.75000000000069, 0.5, 0
88, 0.70000000000083, 0.5, 0
89, 0.65000000000097, 0.5, 0
90, 0.60000000000111, 0.5, 0
91, 0.55000000000125, 0.5, 0
92, 0.50000000000139, 0.5, 0
93, 0.45000000000153, 0.5, 0
94, 0.40000000000166, 0.5, 0
95, 0.3500000000018, 0.5, 0
96, 0.30000000000194, 0.5, 0
97, 0.25000000000208, 0.5, 0
98, 0.20000000000222, 0.5, 0
99, 0.15000000000236, 0.5, 0
100, 0.1000000000025, 0.5, 0
101, 0.050000000002635, 0.5, 0
102, 2.7522428780458e-12, 0.5, 0
103, -0.049999999997365, 0.5, 0
104, -0.099999999997503, 0.5, 0
105, -0.14999999999764, 0.5, 0
106, -0.19999999999778, 0.5, 0
107, -0.24999999999792, 0.5, 0
108, -0.29999999999806, 0.5, 0
109, -0.3499999999982, 0.5, 0
110, -0.39999999999834, 0.5, 0
111, -0.44999999999847, 0.5, 0
112, -0.49999999999861, 0.5, 0
113, -0.54999999999875, 0.5, 0
114, -0.59999999999889, 0.5, 0
115, -0.64999999999903, 0.5, 0
116, -0.69999999999917, 0.5, 0
117, -0.74999999999931, 0.5, 0
118, -0.79999999999945, 0.5, 0
119, -0.84999999999958, 0.5, 0
120, -0.89999999999972, 0.5, 0
121, -0.94999999999986, 0.5, 0
122, -1, 0.45000000000014, 0
123, -1, 0.40000000000028, 0
124, -1, 0.35000000000042, 0
125, -1, 0.30000000000055, 0
126, -1, 0.25000000000069, 0
127, -1, 0.20000000000083, 0
128, -1, 0.15000000000097, 0
129, -1, 0.10000000000111, 0
130, -1, 0.050000000001248, 0
131, -1, 1.3761214390229e-12, 0
132, -1, -0.049999999998752, 0
133, -1, -0.09999999999889, 0
134, -1, -0.14999999999903, 0
135, -1, -0.19999999999917, 0
136, -1, -0.24999999999931, 0
137, -1, -0.29999999999945, 0
138, -1, -0.34999999999958, 0
139, -1, -0.39999999999972, 0
140, -1, -0.44999999999986, 0
141, -0.038822856866562, -0.14488887391625, 0
142, -0.075000000178762, -0.12990381046446, 0
143, -0.1060660174206, -0.10606601693536, 0
144, -0.12990381069325, -0.074999999782486, 0
145, -0.14488887397608, -0.038822856643264, 0
146, -0.14488887391625, 0.038822856866562, 0
147, -0.12990381046446, 0.075000000178762, 0
148, -0.10606601693536, 0.1060660174206, 0
149, -0.074999999782486, 0.12990381069325, 0
150, -0.038822856643264, 0.14488887397608, 0
151, 0.038822856866562, 0.14488887391625, 0
152, 0.075000000178762, 0.12990381046446, 0
153, 0.1060660174206, 0.10606601693536, 0
154, 0.12990381069325, 0.074999999782486, 0
155, 0.14488887397608, 0.038822856643264, 0
156, 0.14488887391625, -0.038822856866562, 0
157, 0.12990381046446, -0.075000000178762, 0
158, 0.10606601693536, -0.1060660174206, 0
159, 0.074999999782486, -0.12990381069325, 0
160, 0.038822856643264, -0.14488887397608, 0
161, -0.53826834326083, -0.39238795324105, 0
162, -0.57071067825343, -0.37071067798388, 0
163, -0.59238795328892, -0.33826834314527, 0
164, -0.5923879531983, -0.26173165663594, 0
165, -0.57071067799115, -0.22928932175384, 0
166, -0.53826834302098, -0.2076120466596, 0
167, -0.46173165668286, -0.20761204678227, 0
168, -0.4292893217271, -0.22928932203559, 0
169, -0.40761204671635, -0.26173165684201, 0
170, -0.40761204678447, -0.33826834332244, 0
171, -0.42928932198488, -0.37071067822219, 0
172, -0.46173165680959, -0.39238795327022, 0
173, 0.46173165675782, -0.39238795324878, 0
174, 0.42928932175724, -0.37071067799455, 0
175, 0.40761204671116, -0.33826834314547, 0
176, 0.40761204678659, -0.26173165667242, 0
177, 0.42928932200084, -0.22928932176185, 0
178, 0.46173165680639, -0.2076120467311, 0
179, 0.5382683433084, -0.20761204677865, 0
180, 0.57071067826288, -0.22928932202557, 0
181, 0.59238795327975, -0.26173165683259, 0
182, 0.59238795320043, -0.33826834335892, 0
183, 0.57071067800711, -0.3707106782302, 0
184, 0.53826834301778, -0.39238795334173, 0
185, -0.5382683433084, 0.20761204677865, 0
186, -0.57071067826288, 0.22928932202557, 0
187, -0.59238795327975, 0.26173165683259, 0
188, -0.59238795320043, 0.33826834335892, 0
189, -0.57071067800711, 0.3707106782302, 0
190, -0.53826834301778, 0.39238795334173, 0
191, -0.46173165675782, 0.39238795324878, 0
192, -0.42928932175724, 0.37071067799455, 0
193, -0.40761204671116, 0.33826834314547, 0
194, -0.40761204678659, 0.26173165667242, 0
195, -0.42928932200084, 0.22928932176185, 0
196, -0.46173165680639, 0.2076120467311, 0
197, 0.46173165668286, 0.20761204678227, 0
198, 0.4292893217271, 0.22928932203559, 0
199, 0.40761204671635, 0.26173165684201, 0
200, 0.40761204678447, 0.33826834332244, 0
201, 0.42928932198488, 0.37071067822219, 0
202, 0.46173165680959, 0.39238795327022, 0
203, 0.53826834326083, 0.39238795324105, 0
204, 0.57071067825343, 0.37071067798388, 0
205, 0.59238795328892, 0.33826834314527, 0
206, 0.5923879531983, 0.26173165663594, 0
207, 0.57071067799115, 0.22928932175384, 0
208, 0.53826834302098, 0.2076120466596, 0
209, -0.57795034464746, 0.18535475737858, 0
210, 0.57973618977836, -0.19566469394733, 0
211, -0.57796714233832, -0.18768460275815, 0
212, 0.57445001046943, 0.17993052956203, 0
213, 0.46177850312451, -0.171430704592, 0
214, -0.47065782477427, 0.17509599805383, 0
215, 0.95542634049989, -0.03945966225058, 0
216, -0.95583736840091, 0.011491223443088, 0
217, -0.18905065528113, -0.022184780171192, 0
218, 0.17600443762793, 0.023756288831016, 0
219, 0.11044520849357, -0.14789666498782, 0
220, -0.1057909073463, 0.14444220849725, 0
221, -0.10869685899761, -0.14410097034942, 0
222, 0.10956701264947, 0.15126285891204, 0
223, 0.4754805415414, 0.16631109646057, 0
224, -0.4791819180426, -0.15812093185356, 0
225, 0.62180459774326, -0.2529622008273, 0
226, -0.63493086724353, 0.2615174908387, 0
227, -0.62183233906627, -0.26443323209751, 0
228, 0.6274766034545, 0.25761370573496, 0
229, 0.95711598593239, 0.1076279667912, 0
230, -0.95775928065845, -0.14060945390463, 0
231, -0.18148750048209, 0.062526144702577, 0
232, 0.95846337955085, -0.1759927464295, 0
233, -0.95687397135833, 0.16092640000863, 0
234, 0.36240248952319, -0.2644897153995, 0
235, -0.36507127801235, 0.26446391186439, 0
236, -0.37566412884944, -0.27488284327481, 0
237, 0.35704393209218, 0.27316562350209, 0
238, 0.037270519657456, -0.17788608946414, 0
239, -0.016817203347288, 0.17780031537513, 0
240, 0.96417669619616, 0.27860711446694, 0
241, -0.95816478771395, -0.28077953349909, 0
242, 0.168809697646, -0.45249497150536, 0
243, -0.19059809114789, 0.45559336662474, 0
244, -0.16252388602097, -0.45314323472989, 0
245, 0.16549903875315, 0.45582673003574, 0
246, 0.84271882163619, -0.43698985336552, 0
247, -0.80438763892304, 0.45745076414606, 0
248, -0.001198625462592, -0.45656192643064, 0
249, 0.0017139558021577, 0.45057407365047, 0
250, 0.77178245947627, 0.46097440514614, 0
251, -0.76871241332714, -0.44792615602547, 0
252, 0.95321041350052, -0.3214582152586, 0
253, -0.95458359977091, 0.30797152364725, 0
254, 0.075764375543189, -0.46125656264932, 0
255, -0.092561976097693, 0.45462518263677, 0
256, 0.26428855847521, -0.45794517373678, 0
257, -0.28082490102353, 0.4604077478504, 0
258, -0.25465957318196, -0.45792072200246, 0
259, 0.26083495427824, 0.45393120199603, 0
260, 0.7431745762186, -0.45846362137744, 0
261, -0.71258682525208, 0.45496580740968, 0
262, 0.95654733581048, 0.37147200099366, 0
263, -0.6812780147643, -0.46150426149972, 0
264, 0.68504195072918, 0.44697416735865, 0
265, 0.37395213837398, -0.37780213261153, 0
266, -0.39561183910097, 0.38958561776694, 0
267, -0.38909038807214, -0.37172623486609, 0
268, 0.38016265429803, 0.38700724227183, 0
269, 0.61733055805947, -0.3825158537945, 0
270, -0.61023679843807, 0.37200281403845, 0
271, -0.86967509650653, -0.4599170183642, 0
272, 0.85606826059877, 0.45496297991699, 0
273, -0.61735001609018, -0.37758709744166, 0
274, 0.61077317085131, 0.38435502507113, 0
275, 0.9252325130105, -0.45715264243822, 0
276, -0.90142793039438, 0.45480314267206, 0
277, -0.43203922971962, -0.17838607783709, 0
278, -0.42269972242488, -0.1393126077756, 0
279, -0.38388212443538, -0.15149450985778, 0
280, -0.40812837162665, -0.10788831252628, 0
281, -0.44279029740248, -0.092419318108594, 0
282, -0.42477561096422, -0.064363028803152, 0
283, -0.47508350012032, -0.072622746178285, 0
284, -0.36993569400574, -0.12053204003402, 0
285, -0.45189573044881, -0.045514941385391, 0
286, -0.4764561435033, -0.023328318962929, 0
287, -0.50351565713393, -0.047590402023825, 0
288, -0.52634328905122, -0.019149609793649, 0
289, -0.5563357672043, -0.036471149697886, 0
290, -0.56448483921248, -0.013637287082951, 0
291, -0.59090062893252, -0.041368728197581, 0
292, -0.58792686033347, -0.0095162466637475, 0
293, -0.62877617567257, -0.037596756766001, 0
294, -0.62166403070888, -0.0026064473712096, 0
295, -0.6675965396936, -0.03079149312189, 0
296, -0.65879692963402, 0.006119795141197, 0
297, -0.70602396555229, -0.024809134124407, 0
298, -0.69863624373649, 0.015047935712716, 0
299, -0.71145186338697, -0.060028381169092, 0
300, -0.73711859696051, -0.054776861745426, 0
301, -0.7227258784838, -0.093529721693126, 0
302, -0.6825001834244, 0.05617221092888, 0
303, -0.72232242244289, 0.074346298165931, 0
304, -0.76139631037453, 0.094257407231937, 0
305, -0.45709035018098, -0.0058729225039715, 0
306, -0.42580847199344, -0.017713858905086, 0
307, -0.75059289335904, 0.021592567818628, 0
308, -0.54868206082106, 0.004848537824709, 0
309, -0.75576837073137, -0.07699105386248, 0
310, -0.7334408269326, -0.12966505292978, 0
311, -0.74307921315816, 0.13299212252367, 0
312, -0.77358353738205, 0.13869763868699, 0
313, -0.60993559731906, 0.030234080318116, 0
314, -0.42416033405874, 0.029835154427124, 0
315, -0.37948762313986, 0.017370992743195, 0
316, -0.79417580139755, 0.11500015174947, 0
317, -0.73591496402709, 0.17274038661803, 0
318, -0.78699724550471, 0.17077626331467, 0
319, -0.77422830539408, 0.22008365640052, 0
320, -0.76084495210735, 0.25987905535108, 0
321, -0.40441136126353, 0.054926579410253, 0
322, -0.37617150693693, 0.051777720952482, 0
323, -0.33636404810794, 0.046985134097778, 0
324, -0.33199281929147, 0.093977310813824, 0
325, -0.33909126775568, 0.010491345450781, 0
326, -0.32935324253546, -0.13145924603984, 0
327, -0.33952372428207, -0.17037959434108, 0
328, -0.28886667035187, -0.13992871686429, 0
329, -0.29014954630197, -0.17402717145589, 0
330, -0.25266885103057, -0.14667211083616, 0
331, -0.2524610250847, -0.17772723307863, 0
332, -0.6921503744315, -0.13780443756745, 0
333, -0.73660127695332, -0.16806099137931, 0
334, -0.77152172623077, -0.16161876793384, 0
335, -0.28777413591382, 0.07450401783047, 0
336, -0.2985567914739, 0.12887871889326, 0
337, -0.79169875609971, -0.19611726012334, 0
338, -0.7812488430245, -0.25071344078914, 0
339, -0.79515768636562, 0.27442891399056, 0
340, -0.77819802152324, 0.29875145089626, 0
341, -0.35469927834065, 0.13618296201812, 0
342, -0.32310353534166, 0.15781711960441, 0
343, -0.29766828986345, 0.18493063306695, 0
344, -0.26522634306015, 0.15875795091212, 0
345, -0.28169867534599, 0.20675984805131, 0
346, -0.25517197403701, 0.20270373274243, 0
347, -0.25508897637146, 0.23963366692257, 0
348, -0.22253631728885, 0.24421548633915, 0
349, -0.22949906766464, 0.2682628344289, 0
350, -0.1926303321234, 0.26064186345751, 0
351, -0.21315491698055, 0.28638222140368, 0
352, -0.16213168017635, 0.2854892663531, 0
353, -0.24056992174225, 0.30340295111947, 0
354, -0.63342272555973, -0.075518053852912, 0
355, -0.28411502870019, -0.21042771046223, 0
356, -0.24458346610122, -0.21328813834112, 0
357, -0.26839098326671, -0.26236920773829, 0
358, -0.23231693280563, -0.25290155962595, 0
359, -0.25419993982412, -0.30297272625187, 0
360, -0.21868917206388, -0.29266646666311, 0
361, -0.1988112843102, -0.24349693158884, 0
362, -0.18488227590325, -0.28030271347002, 0
363, -0.15322249113462, -0.26377918179168, 0
364, -0.13758126093363, -0.30043635973597, 0
365, -0.10535027060202, -0.27875570855617, 0
366, -0.087920362121991, -0.31663899634641, 0
367, -0.054827563438388, -0.29392864985438, 0
368, -0.02923803420919, -0.33240777503008, 0
369, -0.011919037124193, -0.30187873816751, 0
370, -0.2817819656765, -0.10651881520197, 0
371, 0.014330933754197, -0.33916066677105, 0
372, 0.016290736193661, -0.30318370756242, 0
373, -0.82556210819485, 0.29412075621271, 0
374, -0.69356349318, 0.12250476030822, 0
375, -0.2282089626434, -0.15210382947543, 0
376, -0.824155468037, -0.14784986416697, 0
377, -0.73916381718939, -0.24994375574224, 0
378, -0.77162080201914, -0.2828591287959, 0
379, -0.44681762650861, 0.066565126236035, 0
380, -0.8619744846303, -0.17052833186098, 0
381, -0.24125227419683, -0.34161532420784, 0
382, -0.83262379048898, 0.18417658875779, 0
383, -0.7411034948513, -0.28899704380179, 0
384, -0.74416459474679, -0.32794932552428, 0
385, -0.7928074710313, -0.31333709258963, 0
386, -0.69229674348502, -0.17248578517423, 0
387, -0.14185339097798, 0.2515747164424, 0
388, -0.11096576866792, 0.27120581467713, 0
389, -0.1218057355151, 0.31590295190004, 0
390, -0.085884293124589, 0.3098534367241, 0
391, -0.70239223337337, -0.3346344411694, 0
392, -0.22312019964787, 0.15340714644395, 0
393, 0.05669134636268, -0.34438535445296, 0
394, 0.057444911364002, -0.30438553783063, 0
395, 0.10264921318468, -0.35104304769762, 0
396, 0.10963308479459, -0.30405271298959, 0
397, 0.091510371515532, -0.26171320460605, 0
398, 0.13519034759289, -0.28186570337279, 0
399, 0.15829747390324, -0.32208756015547, 0
400, 0.16402489060453, -0.28806354104291, 0
401, 0.20167281294002, -0.33065822632839, 0
402, 0.2038468645225, -0.29431014999767, 0
403, 0.20111647425859, -0.25816121496323, 0
404, 0.24170912706498, -0.26280121229472, 0
405, 0.23464988714392, -0.22576548649596, 0
406, 0.24513864467327, -0.29930406241801, 0
407, 0.27514593423593, -0.22878892741701, 0
408, 0.26656851836926, -0.19064819643717, 0
409, 0.30973781537328, -0.18832837022748, 0
410, 0.29100560591887, -0.15085103494916, 0
411, 0.32685547613107, -0.16200354552675, 0
412, 0.31786751063593, -0.14076896541175, 0
413, 0.34326552006922, -0.1299859037957, 0
414, 0.33573577477567, -0.10920494549714, 0
415, 0.37044618050414, -0.11687040105161, 0
416, 0.35285204400048, -0.091304988061104, 0
417, 0.4024732088981, -0.10324286414691, 0
418, 0.38618173847664, -0.061933193108512, 0
419, 0.43673147834878, -0.059207170822388, 0
420, 0.43736755446433, -0.021108602916142, 0
421, 0.39522157663477, -0.016268910352834, 0
422, 0.32616174925929, -0.073964510881519, 0
423, 0.40115731861625, 0.021424721303246, 0
424, 0.36259721891138, 0.026918499986153, 0
425, 0.3706239558209, 0.062127727669995, 0
426, 0.33529047937311, 0.068673082683313, 0
427, 0.40560256497126, 0.056408751120281, 0
428, 0.38238634782856, 0.094270036036527, 0
429, 0.34070119927523, 0.11108728001178, 0
430, 0.32580182577305, 0.033961010632177, 0
431, 0.47709818042233, -0.060827023410902, 0
432, 0.47756692142931, -0.025495463548223, 0
433, 0.51322567537569, -0.064375548642571, 0
434, 0.51605154560619, -0.031083501798817, 0
435, 0.51685166647347, 0.0053504212566754, 0
436, 0.5603028935587, 0.0058722540158811, 0
437, 0.55905329248488, -0.044000955243657, 0
438, 0.59242882256293, -0.0081319873957868, 0
439, 0.60169284520272, -0.034690480963658, 0
440, 0.63366144993907, -0.020836053860374, 0
441, 0.65964658061617, -0.056645091771325, 0
442, 0.67613850928178, -0.027218548779308, 0
443, 0.70146871984197, -0.063873718878093, 0
444, 0.70195256765532, -0.026210442337344, 0
445, 0.69325401184214, 0.011906251695423, 0
446, 0.72880658690663, -0.06455443369476, 0
447, 0.72952714509144, 0.026483725228832, 0
448, 0.69977074175904, -0.111268388373, 0
449, 0.7428304815574, -0.093555396553111, 0
450, 0.76589739250011, 0.043943740890837, 0
451, 0.7552519609055, 0.084532949962533, 0
452, 0.67304613708148, 0.049266013411026, 0
453, 0.78413313878051, 0.0025889693638957, 0
454, 0.5884658880671, 0.033838621113209, 0
455, 0.72429611259475, -0.1548304842418, 0
456, 0.76634331330736, -0.13990155676258, 0
457, 0.80024164483207, -0.1034004327978, 0
458, 0.73571091956092, -0.18214757092971, 0
459, 0.76074263041275, -0.18827905238353, 0
460, 0.74769095769694, -0.22632352248248, 0
461, 0.77705816767108, -0.24693449649639, 0
462, 0.76102942230534, -0.27481174329507, 0
463, 0.81634825175911, 0.030680860516024, 0
464, 0.80176009356724, -0.27698097111675, 0
465, 0.77294574504948, -0.30337278137136, 0
466, 0.36922892959503, 0.14588437217655, 0
467, 0.31543528199343, 0.14680476614525, 0
468, 0.29911193020742, 0.096901109938562, 0
469, 0.28405879116679, 0.12991260019169, 0
470, 0.24581295948017, 0.11345243563614, 0
471, 0.24193501787657, 0.14525408711602, 0
472, 0.26657007836596, 0.16750128471237, 0
473, 0.22619609377905, 0.1855506988016, 0
474, 0.23430593308093, 0.22134764069096, 0
475, 0.19458873208674, 0.22970602330491, 0
476, 0.2372082195368, 0.25873395395075, 0
477, 0.19663279629552, 0.26491895192335, 0
478, 0.23755417684555, 0.29536496116427, 0
479, 0.19631120819017, 0.30108839921282, 0
480, 0.15771455304954, 0.26899381273957, 0
481, 0.15400195412333, 0.30524713131115, 0
482, 0.12311650685186, 0.26440420059002, 0
483, 0.10434213866936, 0.30611006734333, 0
484, 0.077443503777654, 0.28162992338588, 0
485, 0.059569403577936, 0.33013846752846, 0
486, 0.82356872379523, -0.31468691925159, 0
487, 0.22773869769006, -0.18776020751368, 0
488, 0.28464857799226, -0.12688475016174, 0
489, 0.80228708657026, -0.20077745312644, 0
490, 0.046890049792889, 0.29088266886237, 0
491, 0.83859923971688, -0.0069041709995997, 0
492, 0.69662758912955, -0.17800827640941, 0
493, 0.61701289743295, -0.072213121824911, 0
494, 0.19436528536588, 0.33749221169762, 0
495, 0.2362162557259, 0.33221650666572, 0
496, 0.021082741568056, 0.34857758537436, 0
497, -0.84251382038946, 0.26709418557683, 0
498, 0.34063837748169, 0.16861636940203, 0
499, -0.22134056395995, 0.33486540621577, 0
500, -0.25811422362375, 0.35026305936529, 0
501, -0.54050889770836, -0.077894710969356, 0
502, 0.8749538114668, 0.023178454324427, 0
503, 0.84520055333301, 0.060838101350922, 0
504, -0.35798545733423, -0.088527177679272, 0
505, 0.85598868434962, -0.28194349574224, 0
506, -0.12122200680245, -0.33816335488032, 0
507, -0.29029508167226, -0.31433329064112, 0
508, -0.071451872962983, -0.2562331096573, 0
509, -0.79161674889382, 0.33079836421823, 0
510, -0.74307048032787, 0.33177973697084, 0
511, -0.84300525212028, 0.36051219716898, 0
512, -0.7305519756637, 0.21308632897859, 0
513, 0.20809427041167, 0.1216366868495, 0
514, 0.041978403871928, 0.24932011246445, 0
515, -0.080152617248708, 0.2824056577618, 0
516, -0.34393192893753, 0.18647281218239, 0
517, -0.16887969076361, -0.22968620360309, 0
518, 0.12590545863289, -0.25585106706057, 0
519, 0.74158902805203, -0.32269725960824, 0
520, 0.1893702807848, 0.19604540919756, 0
521, 0.70878346561911, -0.34111422683911, 0
522, 0.27696841329687, 0.25399950217903, 0
523, -0.27556781194832, 0.31669927324872, 0
524, -0.29665834283858, 0.36546056338643, 0
525, 0.40178977859142, 0.12408269834466, 0
526, -0.095933804565123, 0.35936714062528, 0
527, 0.37933159014133, -0.148658193428, 0
528, -0.66363988576525, -0.14354845756345, 0
529, -0.78592209307394, -0.36505371589193, 0
530, -0.84305816270316, -0.32830740071335, 0
531, -0.2772178092065, -0.35155704062818, 0
532, -0.2293902194948, -0.37958416236355, 0
533, -0.65489937039218, -0.16841928811426, 0
534, 0.50769555701979, -0.16849825324634, 0
535, -0.50484106702061, 0.16621973980074, 0
536, -0.43608784488109, 0.18738300182566, 0
537, -0.44399490421347, 0.1551752726961, 0
538, -0.37175375502122, -0.30060957217939, 0
539, 0.36050947201954, 0.30913680140733, 0
540, 0.61710949920757, 0.2172580684865, 0
541, 0.66589188076597, 0.25033150973286, 0
542, 0.67931133689307, 0.28874988715659, 0
543, 0.70402661103009, 0.24432320935142, 0
544, 0.71619801085831, 0.28305458437393, 0
545, 0.74228303125541, 0.23963460916066, 0
546, 0.75566737916501, 0.27931791648995, 0
547, 0.77981806300323, 0.23239972231577, 0
548, 0.79594659396733, 0.27288958354879, 0
549, 0.69367077406711, 0.20565163048435, 0
550, 0.81573686501456, 0.2184611675636, 0
551, 0.72357533632992, 0.32656851526232, 0
552, 0.79522101019918, 0.18147079896289, 0
553, 0.84872803626643, 0.19394188544867, 0
554, 0.83637768321616, 0.26106234763206, 0
555, 0.80830020369063, 0.31531847788853, 0
556, 0.54154107525648, 0.17740735895907, 0
557, 0.57368265845185, 0.15111868135941, 0
558, 0.54473443182325, 0.13868435631318, 0
559, 0.57041434677477, 0.10910261263955, 0
560, 0.60195837464062, 0.13272257788245, 0
561, 0.82195461135333, 0.15767037794525, 0
562, 0.78075160592042, 0.15675106225968, 0
563, 0.13458890706222, 0.2402293080518, 0
564, 0.22830558921888, 0.087804633738107, 0
565, -0.62975963939847, 0.30738422748122, 0
566, -0.67572324900924, 0.27928905843802, 0
567, 0.6120084946025, -0.21945748000422, 0
568, -0.61922061216803, 0.21967445855995, 0
569, -0.61444007878242, 0.18286022593962, 0
570, -0.57649662188167, 0.15333321052449, 0
571, 0.85178595289104, 0.30842859201262, 0
572, 0.39261003674095, -0.21603023670214, 0
573, 0.61228280612422, 0.10025162836998, 0
574, 0.6455324110454, 0.13172117822049, 0
575, 0.41290250522806, -0.42197318127279, 0
576, -0.42069733504591, 0.42415660773406, 0
577, -0.40448753153648, -0.40918557682239, 0
578, -0.37378048272072, -0.39364728760702, 0
579, 0.41113057242318, 0.40443266648223, 0
580, 0.35635751557833, 0.42544504747498, 0
581, 0.37124190361511, -0.3396303214755, 0
582, 0.3290191683044, -0.3787774382264, 0
583, 0.58523402398254, -0.41731530692724, 0
584, 0.63554189561236, -0.40820218497859, 0
585, -0.59346160033155, 0.41265270423696, 0
586, -0.63448455757257, 0.40328124022787, 0
587, 0.55124832921955, 0.094088837937438, 0
588, 0.52745004191225, 0.10480573208873, 0
589, -0.56944323384345, -0.42087324880769, 0
590, 0.56464985304008, 0.42193735902124, 0
591, -0.62411518670345, -0.33842483514748, 0
592, -0.68217692248078, -0.21594719729317, 0
593, -0.24236478613519, 0.38426628955248, 0
594, 0.81237493734479, 0.35960078411777, 0
595, -0.53926987178294, -0.16547258391633, 0
596, -0.37408394726205, -0.19212549563968, 0
597, 0.60605353429215, -0.18836601439542, 0
598, 0.77066427202009, 0.35693016479992, 0
599, -0.65928109843074, -0.37877418804564, 0
600, -0.29457810189711, 0.23848706590486, 0
601, 0.23218778625102, 0.37094323375279, 0
602, 0.27577162571321, 0.36488166669099, 0
603, 0.62270822326987, 0.34887030734095, 0
604, 0.65205990961266, 0.36698233278167, 0
605, 0.8889482079628, 0.061499425022564, 0
606, -0.77881180343296, -0.047558076430389, 0
607, -0.81379791765983, -0.077894749650019, 0
608, -0.84266429779367, -0.037340316025576, 0
609, -0.86974112178825, -0.078647091365439, 0
610, -0.88531808518023, -0.027978841786565, 0
611, -0.84562182606495, 0.00078464694918893, 0
612, -0.48185024229469, 0.13179443571453, 0
613, -0.51522076013401, 0.11251093367638, 0
614, 0.19447342428308, -0.36835221476015, 0
615, 0.59824731316526, -0.15683832667384, 0
616, -0.20237845994811, 0.37051356929531, 0
617, -0.65437297763493, 0.35681326792817, 0
618, 0.47668734058572, -0.095584737185491, 0
619, 0.084380065812747, -0.23361406072764, 0
620, -0.0002551016244145, 0.25230192573002, 0
621, 0.87752510399355, 0.15940177414106, 0
622, 0.90867312039709, 0.18870622958406, 0
623, 0.88163188483251, -0.31937901838471, 0
624, 0.84783902423347, -0.35394087159973, 0
625, 0.90805491530914, -0.35414786720542, 0
626, 0.65010052738154, -0.23414738040697, 0
627, -0.87798592936017, -0.12880091962705, 0
628, -0.91056917934012, -0.19327203737259, 0
629, -0.882427443733, -0.23876885969117, 0
630, -0.021605242421968, -0.3695873772179, 0
631, 0.01331030392936, -0.26658321461977, 0
632, 0.38069453286086, 0.2243780536741, 0
633, -0.62188923623633, -0.15888691967028, 0
634, -0.36453915489242, 0.31354820556778, 0
635, 0.51218987415038, -0.096360641199973, 0
636, -0.56092041392479, -0.14700581888082, 0
637, 0.4117188424905, 0.20357352397249, 0
638, -0.8995969833074, -0.062115328618067, 0
639, 0.18881354425417, 0.37467367960728, 0
640, -0.77563337472728, 0.37749253402568, 0
641, 0.62553225560016, -0.33364926994189, 0
642, -0.34490974047545, -0.37771887249614, 0
643, -0.32402796377045, -0.24299530553919, 0
644, -0.82569421377951, -0.37117088962699, 0
645, -0.86758404625949, -0.38454486192183, 0
646, 0.88386801012363, -0.01817969043911, 0
647, 0.8633188437545, -0.042529305358507, 0
648, 0.90061468623137, -0.081020517032389, 0
649, 0.85763132776247, -0.11099418854428, 0
650, 0.91500632451246, -0.13439332663079, 0
651, 0.8782929473489, -0.14960914004606, 0
652, -0.34286145087821, -0.023789001146845, 0
653, -0.30429457865936, -0.031368463247815, 0
654, -0.30008357692866, 0.0031266270370359, 0
655, -0.26694366133784, -0.039217423416131, 0
656, 0.62619049409428, -0.15101632726679, 0
657, 0.33003982482383, -0.34081333513871, 0
658, 0.28431882760308, -0.37760859266109, 0
659, 0.32215698959161, -0.41808499110367, 0
660, 0.51938519665886, 0.07364895588724, 0
661, -0.059573267036565, 0.33320283203191, 0
662, -0.26246435968892, -0.0040480477104939, 0
663, -0.25967387713537, 0.031028897292008, 0
664, -0.22331417701072, 0.030717965093392, 0
665, -0.23566093103611, 0.056409460948293, 0
666, 0.7205717137751, -0.38051986574379, 0
667, 0.75632426850463, -0.36366592283267, 0
668, 0.20326115139428, 0.089263962732987, 0
669, 0.1746104025874, 0.13041937322446, 0
670, 0.50191611602524, -0.4300838456998, 0
671, -0.51759534823614, 0.43031744650269, 0
672, 0.45722385285102, -0.43625117462148, 0
673, -0.4791525670877, 0.43841689159354, 0
674, -0.48141885504736, -0.42808529057735, 0
675, 0.48429011698611, 0.42680761888695, 0
676, -0.52572638562405, -0.42933535308232, 0
677, 0.52455751643873, 0.42747733666402, 0
678, -0.15314224326877, 0.10116619774132, 0
679, -0.20650760827437, 0.098900919190326, 0
680, 0.15347125865003, -0.10648261195356, 0
681, 0.18469092854535, -0.10799479513452, 0
682, 0.18375100329198, -0.070455706836913, 0
683, 0.18509610628735, -0.14505811768196, 0
684, -0.12985098593563, -0.1266173005951, 0
685, -0.1613127944453, -0.097199470048711, 0
686, -0.15598578416582, -0.15743682535904, 0
687, -0.11260232037664, -0.17787314458634, 0
688, 0.075828437998329, 0.16328571113758, 0
689, 0.48348507860208, 0.084334115171621, 0
690, 0.47962213394217, 0.047721900367594, 0
691, 0.60377748020747, 0.42202345113543, 0
692, -0.386324906161, 0.23593238992506, 0
693, 0.27740809702329, 0.32574684675918, 0
694, -0.65911909023481, 0.23867118910687, 0
695, 0.67036408406891, -0.26723734997345, 0
696, -0.23077973430933, -0.047521753651097, 0
697, -0.076397788920922, 0.17492486812487, 0
698, -0.11022190222722, 0.17108119774474, 0
699, -0.14234313292823, 0.15876652067016, 0
700, 0.088988746898891, -0.16934491595559, 0
701, -0.00016007890684709, -0.18588959161493, 0
702, 0.016030553989511, 0.17666655720791, 0
703, 0.31618533513163, -0.22858654545868, 0
704, -0.61114869017864, -0.41889120776577, 0
705, 0.051553159360356, -0.38379550691311, 0
706, 0.094805948990169, -0.39199181566612, 0
707, -0.40164576985939, 0.15967480343516, 0
708, 0.79144103699406, 0.12454191753611, 0
709, -0.8729405309504, 0.009250394559567, 0
710, -0.85266808062996, 0.046767034222261, 0
711, -0.89609472408964, 0.071794273762417, 0
712, -0.85154598488264, 0.10926572876745, 0
713, -0.90897762626432, 0.12558716998936, 0
714, -0.86799457030356, 0.14228962238184, 0
715, -0.70077726155706, -0.29517205130351, 0
716, 0.31854998497459, 0.35624746316563, 0
717, 0.32208732109952, 0.40270816318882, 0
718, -0.61328371164959, -0.22554870520926, 0
719, -0.049581865473439, -0.18943796243803, 0
720, -0.076713684989665, 0.2123323976485, 0
721, 0.64318060346238, -0.35751049957738, 0
722, 0.34740821989936, 0.24067535602596, 0
723, 0.11351130975612, -0.17448512906128, 0
724, -0.32935532073168, -0.4086563098224, 0
725, 0.2252375276828, -0.11219901229175, 0
726, -0.34194707065517, 0.2362572091471, 0
727, -0.36374624533575, 0.41292109652376, 0
728, -0.33882913259855, 0.43590224313975, 0
729, -0.41444177796058, 0.079034481383545, 0
730, -0.68198513484814, 0.40671001009988, 0
731, -0.93142538192593, -0.2315530400491, 0
732, 0.91457397289228, -0.28336346355037, 0
733, 0.88855541920882, -0.24826402696939, 0
734, 0.80326455260622, 0.41072040344867, 0
735, 0.22399390864849, 0.4121695892639, 0
736, -0.33923858732324, -0.29208632210899, 0
737, -0.076580534827813, 0.38237831413598, 0
738, -0.13429365304322, 0.39708554448071, 0
739, -0.049624736487725, 0.37518740451761, 0
740, -0.69283122873449, 0.36595836936898, 0
741, 0.11498338124032, 0.18725799064218, 0
742, 0.94355533262663, -0.24923864780223, 0
743, -0.17483875281199, -0.12849431042018, 0
744, -0.20167053786444, -0.090769282067559, 0
745, 0.85915107870111, 0.35778704398641, 0
746, 0.42485244825527, -0.19778474519797, 0
747, -0.61078356216109, 0.14746628702161, 0
748, -0.60616989232231, 0.10832148987396, 0
749, -0.65264398596879, 0.17630011086927, 0
750, 0.61065690302341, 0.17681737432633, 0
751, 0.17932172973409, -0.0086520331942643, 0
752, 0.20356323509231, 0.015446970752903, 0
753, -0.33255620638009, 0.28965044956809, 0
754, 0.14864691576209, 0.17419247208136, 0
755, 0.69763630625169, -0.23703660896691, 0
756, 0.67272743464104, 0.3372426895523, 0
757, 0.70080972682787, 0.3592700888183, 0
758, 0.87288710467021, 0.089943016315782, 0
759, 0.43934779907209, -0.15537836926387, 0
760, -0.1922144766251, -0.16722397690085, 0
761, 0.35923519690836, -0.45961330064267, 0
762, 0.76173280971099, 0.39168593107892, 0
763, -0.56659461883627, 0.12349838829451, 0
764, -0.58453499802857, 0.084976067359097, 0
765, -0.15631934077862, 0.19369989747997, 0
766, -0.49677771373838, 0.083342593202716, 0
767, -0.52181428662713, 0.070667971638584, 0
768, -0.48098406599383, 0.051729272635205, 0
769, 0.67891674012914, 0.38949818028051, 0
770, -0.31199755439169, 0.41222687683264, 0
771, 0.67483973176462, -0.39684269123165, 0
772, -0.78032405584992, -0.39532791835962, 0
773, -0.26545915509549, -0.3869474399085, 0
774, -0.21875394542207, -0.41758022615713, 0
775, -0.19185756876031, -0.36998682288299, 0
776, 0.079640558139166, 0.20040681688909, 0
777, -0.68540743241578, 0.24467878718575, 0
778, -0.71309095431459, 0.28833875854108, 0
779, -0.66567080945117, 0.31698661241103, 0
780, -0.62791864934344, 0.074376691806038, 0
781, -0.37732498038776, -0.23647500251452, 0
782, 0.66147636145875, -0.45269514824573, 0
783, 0.49372255124587, 0.11893788334043, 0
784, 0.43792653609962, 0.095728106719701, 0
785, 0.45774878870195, 0.13464508186161, 0
786, -0.18172430553845, 0.17856683227083, 0
787, 0.87652492203143, -0.38944648569354, 0
788, -0.41943905709842, -0.45849418619618, 0
789, 0.42458230672186, 0.45680879449893, 0
790, 0.57477328146898, -0.45826181523404, 0
791, -0.57704031019594, 0.45968998851834, 0
792, 0.92523149307991, 0.15608528800438, 0
793, 0.94557082763348, 0.20824758308229, 0
794, 0.92008325339281, -0.216434521903, 0
795, -0.40313753623028, -0.21087322924513, 0
796, -0.034402083249553, -0.23794964297665, 0
797, -0.63932109686755, -0.12047484430968, 0
798, -0.5916738773673, -0.1173269854048, 0
799, 0.59995098681197, 0.4610995095744, 0
800, 0.43443408327029, -0.4646957468594, 0
801, -0.44385475302504, 0.45604028802091, 0
802, -0.56260204168775, -0.46119477028861, 0
803, -0.6619283626625, -0.33795040997914, 0
804, -0.70250887770426, -0.37640222292935, 0
805, 0.20396575277942, 0.055856365055987, 0
806, 0.24563861222816, 0.030597931097194, 0
807, 0.25716291838762, -0.0030390618556806, 0
808, 0.267221601932, 0.079983591280721, 0
809, 0.28401441518221, 0.011585742184894, 0
810, 0.27472531627718, -0.032834756602713, 0
811, -0.36791166452906, -0.44602273582937, 0
812, 0.38717577278588, 0.44445970332569, 0
813, 0.33702293279946, 0.45599141718112, 0
814, -0.74541856440478, -0.36907694199955, 0
815, -0.75100954924455, -0.40762238014839, 0
816, -0.69611843126315, -0.25708618933627, 0
817, -0.61540227431855, 0.44911248794689, 0
818, 0.72945097485893, 0.37753291828696, 0
819, 0.053337376037052, -0.26429923333209, 0
820, 0.052133501737902, -0.21883267237411, 0
821, 0.16152210675356, -0.25424141645609, 0
822, 0.15494484967677, -0.21743325908602, 0
823, 0.72383176176967, 0.4591492525089, 0
824, 0.28737446831038, -0.33961655999523, 0
825, 0.23903098850615, -0.37414987131603, 0
826, -0.1225544817601, -0.24215664996909, 0
827, 0.21599954071122, -0.45616486123884, 0
828, -0.23839859107976, 0.45908999068209, 0
829, 0.33236888479871, 0.21333378448437, 0
830, 0.18339492111998, -0.40865127996349, 0
831, 0.12449361027573, -0.44420324182174, 0
832, 0.82356145341281, -0.1379805654499, 0
833, 0.64561872138872, 0.088241373286931, 0
834, 0.67958331272331, 0.09937359210131, 0
835, 0.6821670877373, 0.12873107638364, 0
836, 0.71793855262787, 0.12470140210471, 0
837, 0.7226425684747, 0.16311555969466, 0
838, 0.64103491209758, 0.027991131380631, 0
839, 0.31068102463753, 0.22638935666364, 0
840, 0.044052398528834, -0.46063156625029, 0
841, 0.002630953602756, -0.41470299611834, 0
842, -0.046231308838587, 0.45471470108802, 0
843, -0.14182324460132, 0.45332440509537, 0
844, -0.6594579469046, 0.091628524993658, 0
845, 0.6709990295631, -0.14784790242308, 0
846, 0.47407495760346, -0.13077784335981, 0
847, -0.23544374922745, 0.42024928271269, 0
848, 0.19481224226608, -0.22104157573642, 0
849, 0.18859359022465, -0.18295337754891, 0
850, -0.04644784755699, -0.39882034143872, 0
851, -0.050048259701845, -0.45138128085158, 0
852, -0.086544015989829, -0.40455286691079, 0
853, -0.10712191917503, -0.44017243288217, 0
854, -0.13768965104778, -0.39508364953828, 0
855, 0.78820621504048, -0.45131937996772, 0
856, -0.75788456700203, 0.45728763665797, 0
857, -0.80694799044223, 0.41622096451924, 0
858, -0.851984636755, 0.41211399991665, 0
859, -0.82054000758738, -0.45829851928747, 0
860, 0.80825568215794, 0.45793668708872, 0
861, 0.24373750457692, -0.33606582328544, 0
862, -0.68337616375216, -0.10410121077298, 0
863, 0.32724085057933, -0.30350622367776, 0
864, 0.76512619022952, 0.19415835895987, 0
865, -0.21146245287742, -0.20775846921206, 0
866, -0.0014196876944238, 0.30460090454845, 0
867, -0.85214315638559, 0.45627060669566, 0
868, -0.90148327121937, 0.40831365853096, 0
869, -0.95144645164025, 0.40478651260607, 0
870, -0.90280878256594, 0.3598932260688, 0
871, -0.95038558017747, -0.32507219707529, 0
872, -0.90494982560033, -0.30293994644924, 0
873, -0.93665846371041, -0.36682309153954, 0
874, 0.74236375804428, 0.35465704011486, 0
875, -0.73704819541071, -0.20851261206034, 0
876, 0.061408515133567, 0.43823571220859, 0
877, 0.1001435329443, 0.39659570867911, 0
878, 0.11730289156904, 0.45201010368186, 0
879, 0.13579818092204, 0.41030420259427, 0
880, 0.50719920101306, 0.15105344087685, 0
881, 0.95638472234622, -0.1366861697565, 0
882, 0.9543353525957, -0.089467415131333, 0
883, -0.95754132929055, 0.20991544889984, 0
884, -0.91546344752965, 0.21814789647452, 0
885, -0.91335374474063, 0.26458540961309, 0
886, -0.87338674097795, 0.22442378924282, 0
887, -0.95636226419319, 0.25841808699124, 0
888, 0.95738501229173, 0.05827557879753, 0
889, 0.9574280448412, 0.0091162435868805, 0
890, -0.96028481569217, -0.074699941826105, 0
891, -0.95935030154634, -0.034210781894922, 0
892, 0.38545614708952, -0.18097992304903, 0
893, 0.35163247148698, -0.18961058153714, 0
894, -0.95301836977897, 0.061064281213334, 0
895, 0.28200392180028, -0.26548290613508, 0
896, 0.26017124413008, -0.15366584311585, 0
897, 0.88435152498144, -0.45149630326599, 0
898, 0.81238031273939, -0.38407439086961, 0
899, 0.66440498090435, -0.094866613316206, 0
900, -0.20910608738288, -0.45757258742558, 0
901, 0.9555040874162, 0.40602502899378, 0
902, -0.95474456801652, -0.42093720051644, 0
903, 0.95766298654674, -0.36644019527444, 0
904, -0.65114614376876, -0.23749861287625, 0
905, 0.43887959983522, -0.096697289559319, 0
906, 0.43985659184448, 0.01616518096465, 0
907, -0.82190374076336, 0.022462926351546, 0
908, 0.39132348596043, 0.17488729047862, 0
909, 0.3078965543546, -0.10824535330877, 0
910, 0.27571652365568, -0.087103888951345, 0
911, -0.41097321200027, -0.044964568998946, 0
912, 0.300087459032, 0.16888868409495, 0
913, -0.37933324313714, 0.087057983509721, 0
914, 0.34364610237021, -0.043931984946085, 0
915, -0.32563182653761, -0.20016181441407, 0
916, -0.27187701500464, 0.10601526027962, 0
917, 0.57979281569104, -0.084261840498809, 0
918, 0.35452089197171, -0.00982339461058, 0
919, -0.3937185702985, -0.078053121704639, 0
920, -0.644790509013, 0.041654037373299, 0
921, -0.29634622308905, 0.039257901297608, 0
922, -0.59092262985005, -0.078522985118131, 0
923, -0.31981915349606, -0.097794073241945, 0
924, -0.25632368880849, 0.1264658788802, 0
925, -0.38228024967855, -0.017360859860418, 0
926, -0.25594185770975, 0.062593693306701, 0
927, -0.38507600004802, -0.049126112490534, 0
928, -0.24573538058634, -0.11575089946426, 0
929, -0.34914383045069, -0.05650963179245, 0
930, -0.69319802402504, 0.17193581079706, 0
931, -0.49754971770872, -0.10379797237019, 0
932, -0.24619822867558, 0.089664073879709, 0
933, 0.86511881249099, -0.2120595758845, 0
934, -0.3115066608332, -0.064698106715028, 0
935, -0.49782380015935, 0.0028143710700905, 0
936, 0.80713894451202, -0.036578309547441, 0
937, -0.27424036311678, -0.07316040497374, 0
938, 0.27728391614686, 0.28936465867766, 0
939, -0.32068292682563, 0.21014752421344, 0
940, 0.13737252602408, 0.11485454007708, 0
941, 0.21610437078135, 0.15321958517159, 0
942, 0.54349402303179, 0.036740043140179, 0
943, -0.0043090191701995, 0.40472029879497, 0
944, -0.57685322239372, 0.019671817046936, 0
945, -0.56283559298882, 0.05045836607587, 0
946, 0.53861921444439, -0.068389859790214, 0
947, -0.95882604892556, -0.19200887840182, 0
948, 0.15959907828437, 0.23626559816569, 0
949, 0.92986258408412, 0.25772125186864, 0
950, 0.55570293404287, -0.17221843077012, 0
951, 0.55101541685293, -0.12850447683708, 0
952, 0.59158761122177, 0.083795730398177, 0
953, 0.64900231546058, 0.17118070677279, 0
954, 0.85903906108088, 0.40735401661513, 0
955, -0.30603557264691, -0.44695080559828, 0
956, 0.40983128690078, -0.13702970143936, 0
957, 0.037767886390915, 0.38883928525884, 0
958, 0.76580031268247, 0.31889404193789, 0
959, -0.67414582400892, -0.068111685368722, 0
960, 0.88349150302695, 0.23965101724828, 0
961, 0.2199659404419, -0.021438240459312, 0
962, -0.61426095957007, -0.18338710460151, 0
963, 0.74370928551582, -0.026791371491872, 0
964, -0.31229039600014, -0.3633055385582, 0
965, 0.79575390815747, 0.066100340223221, 0
966, -0.19555187782065, -0.056527634915878, 0
967, -0.74267465683173, -0.02835139257461, 0
968, -0.79073300898036, -0.11968231942027, 0
969, 0.91744109921542, 0.016594008328622, 0
970, 0.36805875312265, -0.41859641767496, 0
971, -0.91846554281031, -0.40219063192422, 0
972, -0.67037796227775, 0.4467347427705, 0
973, -0.86265393666612, 0.30805976881069, 0
974, 0.90873794844388, 0.40661384096143, 0
975, -0.0002342236853233, 0.20405314685357, 0
976, -0.84129639465089, -0.21747953787379, 0
977, 0.26990515182691, 0.40848391891293, 0
978, 0.1525099273384, 0.34148188271022, 0
979, -0.39064416878057, 0.12374287712129, 0
980, 0.14855164394781, -0.3599466489066, 0
981, -0.9541915649079, 0.11155480791362, 0
982, -0.20544402576693, -0.33098984508246, 0
983, -0.25271128667356, 0.2727335240819, 0
984, 0.11372005816297, 0.34943748839697, 0
985, -0.18906795500401, 0.3139179368197, 0
986, 0.83199779120443, -0.24387968216452, 0
987, -0.82060770404452, -0.26427215252516, 0
988, 0.4783830352983, 0.010827712085351, 0
989, -0.358699566583, 0.45904647564002, 0
990, -0.068676430767621, -0.35479777872818, 0
991, 0.79104902768744, -0.34152563760389, 0
992, 0.14937288833184, -0.17912976249702, 0
993, 0.30863146314294, 0.071892375010871, 0
994, -0.18138636387755, 0.13904107334498, 0
995, -0.18499806623955, 0.015421276850159, 0
996, -0.55140458318299, 0.15778699201438, 0
997, 0.75323508078791, 0.12299103803537, 0
998, 0.229035267944, -0.41402891693765, 0
999, 0.28580936622982, -0.30218651778905, 0
1000, 0.7750803309685, -0.0667118525636, 0
1001, -0.30505904825243, -0.27695712906445, 0
1002, -0.79834383446423, -0.010567507866033, 0
1003, 0.088740624848185, 0.24451585243013, 0
1004, -0.10106963584501, 0.24620221325451, 0
1005, -0.64953724870531, -0.46070666157953, 0
1006, -0.84606216413349, -0.10791450962269, 0
1007, 0.61583387932009, 0.057271309697733, 0
1008, 0.21274966048431, 0.45553888883511, 0
1009, 0.3116890532478, -0.45885242139754, 0
1010, -0.90962422133912, -0.45709803993809, 0
1011, 0.90453449946144, 0.45363006220858, 0
1012, -0.27396233794142, 0.42656586951444, 0
1013, 0.63167005929184, 0.4598817019945, 0
1014, 0.89416579926035, 0.29833316920741, 0
1015, 0.95847122003572, -0.41004343336745, 0
1016, 0.73083030620374, 0.2007611751214, 0
1017, -0.17078785299162, -0.31743564198883, 0
1018, 0.91337866822393, -0.41935479428419, 0
1019, 0.0063340842954873, -0.22696263325697, 0
1020, -0.7236170728112, 0.41240533412793, 0
1021, -0.22127896698148, -0.17512631201776, 0
1022, 0.40740538886682, 0.081648477561193, 0
1023, -0.28079597270516, 0.39661976845213, 0
1024, 0.44337726420029, 0.18357525156634, 0
1025, -0.16303973637976, 0.34910466370243, 0
1026, -0.040978636027597, 0.21201126132489, 0
1027, -0.65427893935836, -0.4205012165548, 0
1028, 0.17197698907432, 0.050004521505009, 0
1029, -0.64002516951427, 0.11386066405596, 0
1030, 0.83277209189749, -0.073412748303385, 0
1031, -0.91547172014773, -0.13766557021142, 0
1032, 0.58975176648906, -0.12178850499315, 0
1033, -0.72498252937147, -0.45784205434128, 0
1034, -0.86204625093428, -0.28339325977587, 0
1035, -0.32354823033426, 0.25418164566771, 0
1036, -0.66158447939901, -0.29930372644564, 0
1037, -0.79019593895054, 0.055872622572581, 0
1038, 0.94924974925144, 0.31454324427605, 0
1039, 0.64967782630489, -0.1773165270713, 0
1040, -0.91983023208911, -0.26169147713464, 0
1041, -0.88683277557334, -0.10143077041723, 0
1042, -0.31508209560224, 0.33134435011584, 0
1043, -0.92101879286738, -0.02585171142551, 0
1044, -0.3552079970257, -0.26217704822123, 0
1045, -0.04058376125669, 0.25100967964323, 0
1046, -0.19171692200922, 0.41116554745366, 0
1047, 0.009794346821855, -0.37604138686261, 0
1048, 0.29857764998356, -0.056744347950635, 0
1049, 0.27517211996626, -0.41695277820332, 0
1050, -0.23373591195885, 0.11787606014841, 0
1051, 0.32200747641272, -0.26585325904847, 0
1052, 0.62340927687181, -0.44127538648133, 0
1053, -0.82319074390616, 0.081888166417034, 0
1054, -0.021575805020033, -0.27630886431598, 0
1055, 0.96517092728305, -0.22654590501759, 0
1056, 0.79896167736959, -0.15807339739876, 0
1057, -0.15916387204083, -0.18975235623763, 0
1058, 0.72869554934639, -0.27273991505536, 0
1059, -0.04553806174844, 0.41240433709558, 0
1060, -0.37016183700656, 0.16961111808663, 0
1061, 0.155591728035, 0.20601374242362, 0
1062, 0.66618916009152, -0.33048445020593, 0
1063, -0.87251162806124, 0.18155273503691, 0
1064, 0.50315437762935, -0.46462887802654, 0
1065, -0.49270799806376, 0.4703508324058, 0
1066, -0.49351520324479, -0.46390562977871, 0
1067, 0.51226349881471, 0.46249398038742, 0
1068, 0.44051213406565, -0.13107587847322, 0
1069, -0.045917302446684, 0.290839375249, 0
1070, -0.82388792496032, 0.23441759926853, 0
1071, -0.82034673925214, 0.13736605683898, 0
1072, 0.9218304800811, -0.16530265563473, 0
1073, -0.46606435906242, 0.01857662681212, 0
1074, 0.71032872411609, 0.077619306366584, 0
1075, -0.089563307525812, -0.21854661267006, 0
1076, 0.67379589146618, -0.20708629264165, 0
1077, 0.04201954151533, 0.2078474710477, 0
1078, -0.29786255454175, -0.39655138324824, 0
1079, 0.077087060810944, -0.1886064875782, 0
1080, 0.95609313809691, 0.15454007692229, 0
1081, 0.35597812654589, -0.2250318497783, 0
1082, 0.73329662311014, -0.41866044972449, 0
1083, 0.51125324121716, -0.13162628892881, 0
1084, -0.65709097769359, -0.2630039811067, 0
1085, 0.5568818060408, 0.46168665504807, 0
1086, -0.17391726399312, 0.22805820397743, 0
1087, 0.35636082297922, 0.37659710378419, 0
1088, 0.96359258560622, -0.27236008593773, 0
1089, -0.46334898066346, 0.099231719066839, 0
1090, -0.31490747574808, 0.4539758857983, 0
1091, -0.84334175992488, -0.42062838215796, 0
1092, 0.17861458765435, 0.41351074922376, 0
1093, 0.69241190283537, -0.30296846285798, 0
1094, -0.21089027979675, 0.055849747178515, 0
1095, -0.55311878060886, -0.12170133875508, 0
1096, 0.84852948807226, 0.12548293986875, 0
1097, -0.91367951424032, 0.17171380170263, 0
1098, 0.61270380584113, 0.0076279827054931, 0
1099, 0.91357128177731, -0.028459683522939, 0
1100, -0.40734130284287, 0.2007158768565, 0
1101, -0.58756916861196, -0.151273564104, 0
1102, -0.7653542289238, 0.41638986547575, 0
1103, -0.025059390161682, 0.33562616147216, 0
1104, -0.36891808435917, -0.34340173448064, 0
1105, -0.72238422031098, 0.25142451591546, 0
1106, -0.079133832924898, -0.16677078211126, 0
1107, 0.35912049704895, 0.34707520172044, 0
1108, 0.72018515420658, -0.20572755800305, 0
1109, 0.045612457420058, -0.42233321781708, 0
1110, -0.28607604626155, -0.4205069202874, 0
1111, -0.70360452122617, 0.32594128167846, 0
1112, -0.59570683035242, 0.061501875833394, 0
1113, 0.31834373777565, 0.31822812629059, 0
1114, -0.51690831464298, -0.13732911697252, 0
1115, 0.91045322866228, 0.11652270959746, 0
1116, -0.91284291635472, -0.095918383234071, 0
1117, -0.95242663644625, 0.35598473033188, 0
1118, -0.62039272600219, 0.34509997371764, 0
1119, -0.88831174517741, -0.34545471972194, 0
1120, -0.36373098251217, 0.21197725181044, 0
1121, -0.90779101260785, 0.31086554754183, 0
1122, -0.22619537950927, -0.01142531135001, 0
1123, 0.31777297446375, -0.036450131153862, 0
1124, -0.076138539925104, 0.24784525858095, 0
1125, 0.84380297314294, -0.17455553583002, 0
1126, -0.3266287596745, -0.3276369816691, 0
1127, -0.70329652903496, -0.42703200121486, 0
1128, 0.54380374205133, -0.46183256803706, 0
1129, -0.53423219679311, 0.46507339678767, 0
1130, -0.46304067059808, -0.46270628907863, 0
1131, 0.46766530137335, 0.46161780208937, 0
1132, 0.63981588435473, 0.30631008601857, 0
1133, 0.65631702010176, 0.21101131783822, 0
1134, 0.70478819925412, -0.42700500815338, 0
1135, -0.36367715914181, 0.35030781326342, 0
1136, -0.65567739268167, 0.2126278340817, 0
1137, -0.691354475629, 0.21034220442195, 0
1138, 0.14854602574933, 0.37515690612733, 0
1139, 0.64658261588653, 0.42279177826823, 0
1140, 0.34910975801573, -0.15796496407809, 0
1141, -0.96067984783623, -0.23815780615991, 0
1142, 0.44148191399194, 0.05275455484744, 0
1143, 0.63599431745035, -0.29762291622627, 0
1144, -0.44127074778762, -0.42142224432197, 0
1145, 0.44559794518143, 0.41978032373546, 0
1146, 0.54066273317261, -0.42470257205206, 0
1147, -0.55613808449986, 0.42288269507881, 0
1148, 0.6362144870754, -0.21223310988158, 0
1149, 0.7092865683089, 0.4093594236907, 0
1150, 0.51643872245812, 0.040851399971778, 0
1151, -0.11696660887934, 0.21540589896529, 0
1152, -0.21084622647903, 0.20038478654051, 0
1153, 0.91745064568435, 0.061662559262629, 0
1154, 0.26185891077923, -0.11969099961987, 0
1155, 0.18237887150563, 0.16339285844117, 0
1156, 0.42343499463636, 0.1539416579589, 0
1157, -0.15560016833567, -0.3555357180906, 0
1158, -0.085485642077402, 0.41153861864344, 0
1159, 0.63503977470646, -0.1173887101004, 0
1160, -0.80513494846324, -0.40755486952044, 0
1161, -0.75025568758397, 0.29506178200718, 0
1162, -0.63695561625862, -0.20422592185691, 0
1163, 0.11026803881389, -0.21493211653575, 0
1164, 0.68405747853414, -0.35333655970028, 0
1165, 0.28686999374396, 0.04512978703922, 0
1166, -0.17704585225721, -0.40910402850445, 0
1167, -0.8065043876567, 0.38526631127811, 0
1168, -0.9539933570355, -0.45487473384221, 0
1169, 0.95257860106419, 0.45227504363438, 0
1170, 0.95664516051721, -0.45456776367802, 0
1171, -0.95070836313552, 0.45242600871789, 0
1172, 0.89796831927548, -0.18468076030339, 0
1173, 0.28119736703353, 0.2129504583755, 0
1174, -0.14216632986278, -0.2098469131604, 0
1175, 0.22439858284906, -0.15010127095878, 0
1176, -0.91195703432417, 0.015207096320826, 0
1177, 0.7438379395092, 0.4238196639523, 0
1178, 0.66159322471647, -0.0034217744756815, 0
1179, -0.60580524608618, -0.46015468510056, 0
1180, -0.20756639657996, -0.13117686931977, 0
1181, 0.12080181495653, 0.37387846983617, 0
1182, 0.1626882667603, 0.092100226170585, 0
1183, 0.36115031324813, 0.1951409733077, 0
1184, 0.68989926103525, 0.31673242297701, 0
1185, 0.63623108005465, 0.38989217002754, 0
1186, 0.75649833537869, 0.15896424303683, 0
1187, 0.30557362688603, 0.45472354122102, 0
1188, 0.82127396602425, 0.093807416053751, 0
1189, 0.1812928336357, -0.033764344504326, 0
1190, -0.28719810954349, 0.28058315550084, 0
1191, 0.68691335609615, 0.16706593069571, 0
1192, 0.31647507851327, 0.28250949031485, 0
1193, 0.97209271355036, 0.24794149882642, 0
1194, -0.1260180237751, 0.12805853894768, 0
1195, 0.23597399865566, -0.064696607637935, 0
1196, 0.13994989964142, -0.13592295861377, 0
1197, 0.1381515675348, -0.40099156547864, 0
1198, -0.52263790623111, 0.036957731683417, 0
1199, -0.34852902508221, -0.21630928874557, 0
1200, -0.64735310604686, 0.13966028330742, 0
1201, -0.55050266883984, 0.087712723328912, 0
1202, 0.12466969394865, 0.21936331910058, 0
1203, 0.55839428241984, 0.063953384882484, 0
1204, -0.16925243165204, -0.063656983963989, 0
1205, -0.22435744593534, 0.072943357761717, 0
1206, -0.83943011214024, 0.15444281142812, 0
1207, 0.084804154088604, -0.43203253794652, 0
1208, 0.1421641403443, 0.14080349544747, 0
1209, 0.92701730139883, -0.37810411445163, 0
1210, -0.23780291936081, -0.082306361745943, 0
1211, 0.70210419910915, -0.45787717872847, 0
1212, 0.54505842214805, -0.093090400460527, 0
1213, -0.041641884785479, 0.17641222068585, 0
1214, -0.42785438065278, 0.11328740632854, 0
1215, -0.73431018801982, 0.37138014255801, 0
1216, 0.041579796006744, 0.17266398183726, 0
1217, -0.38474787618008, 0.44768565019882, 0
1218, -0.33350140390268, 0.38602217168366, 0
1219, -0.35538052883722, -0.41482197629525, 0
1220, -0.64071026674477, 0.43535569641331, 0
1221, 0.40339237168623, -0.462132585965, 0
1222, 0.077147921351226, 0.36684740712047, 0
1223, 0.31078536024047, -0.006453031957892, 0
1224, 0.47310254928212, -0.46619569828936, 0
1225, -0.46140620595042, 0.47672479632648, 0
1226, 0.92351707508008, 0.2904764193284, 0
1227, -0.53218091511166, -0.46284393762922, 0
1228, 0.77297392367986, -0.4049920863812, 0
1229, -0.87362233802846, -0.4295856166308, 0
1230, 0.057165827896975, -0.16998664740649, 0
1231, -0.87173369894152, 0.26588510169939, 0
1232, 0.91545357406486, 0.35099285386465, 0
1233, -0.10245738532277, -0.37514542405038, 0
1234, 0.78079478516653, 0.090240199831511, 0
1235, 0.41631520607152, -0.16738214734534, 0
1236, 0.3660509308769, -0.30204537258378, 0
1237, -0.29985947483861, 0.43066077786956, 0
1238, 0.23601965470077, 0.064257642589583, 0
1239, 0.77054390271818, 0.43339741036193, 0
1240, 0.51723506531455, 0.17433345192107, 0
1241, -0.39415243818976, -0.17378503371266, 0
1242, -0.2578082873693, -0.42071580606465, 0
1243, 0.31280854081119, 0.24971170642992, 0
1244, -0.18174678073388, -0.19808588631452, 0
1245, -0.53573737829514, 0.13941470333674, 0
1246, -0.62660695136796, -0.30056473718812, 0
1247, -0.37927597859845, 0.19366039241646, 0
1248, -0.92439554956311, -0.053495073441382, 0
1249, -0.46013064587985, -0.12374778007869, 0
1250, -0.54402924475705, 0.17966683710944, 0
1251, -0.015265323500687, 0.36412309337819, 0
1252, 0.31372729287095, 0.18872805993569, 0