89, 557, 648, 671, 875, 876, 877
90, 558, 650, 672, 878, 879, 880
91, 648, 372, 671, 881, 882, 876
92, 650, 383, 672, 883, 884, 879
93, 313, 371, 373, 885, 886, 887
94, 314, 382, 384, 888, 889, 890
95, 319, 515, 585, 891, 892, 893
96, 320, 516, 587, 894, 895, 896
97, 250, 251, 721, 253, 897, 898
98, 280, 281, 722, 283, 899, 900
99, 515, 485, 593, 901, 902, 903
100, 516, 486, 594, 904, 905, 906
101, 12, 240, 403, 242, 907, 908
102, 23, 290, 408, 292, 909, 910
103, 541, 542, 666, 911, 912, 913
104, 543, 544, 664, 914, 915, 916
105, 393, 325, 394, 917, 918, 919
106, 398, 326, 399, 920, 921, 922
107, 314, 230, 382, 923, 924, 888
108, 313, 300, 371, 925, 926, 885
109, 395, 497, 569, 927, 928, 929
110, 400, 498, 570, 930, 931, 932
111, 666, 542, 762, 912, 933, 934
112, 664, 544, 761, 915, 935, 936
113, 497, 250, 721, 937, 898, 938
114, 498, 280, 722, 939, 900, 940
115, 15, 325, 393, 941, 917, 942
116, 20, 326, 398, 943, 920, 944
117, 346, 348, 595, 945, 946, 947
118, 360, 362, 596, 948, 949, 950
119, 693, 598, 807, 951, 952, 953
120, 694, 600, 808, 954, 955, 956
121, 309, 571, 825, 957, 958, 959
122, 310, 572, 826, 960, 961, 962
123, 245, 601, 713, 963, 964, 965
124, 275, 602, 714, 966, 967, 968
125, 403, 240, 467, 907, 969, 970
126, 408, 290, 468, 909, 971, 972
127, 571, 309, 703, 957, 973, 974
128, 572, 310, 704, 960, 975, 976
129, 348, 353, 595, 977, 978, 946
130, 362, 367, 596, 979, 980, 949
131, 525, 644, 701, 981, 982, 983
132, 526, 646, 702, 984, 985, 986
133, 395, 325, 497, 987, 988, 927
134, 400, 326, 498, 989, 990, 930
135, 245, 246, 523, 248, 991, 992
136, 275, 276, 524, 278, 993, 994
137, 487, 5, 488, 995, 996, 997
138, 490, 6, 491, 998, 999, 1000
139, 562, 600, 694, 1001, 954, 1002
140, 561, 598, 693, 1003, 951, 1004
141, 546, 639, 786, 1005, 1006, 1007
142, 545, 640, 785, 1008, 1009, 1010
143, 707, 573, 731, 1011, 1012, 1013
144, 708, 574, 732, 1014, 1015, 1016
145, 639, 779, 786, 1017, 1018, 1006
146, 640, 780, 785, 1019, 1020, 1009
147, 39, 40, 603, 68, 1021, 1022
148, 125, 126, 604, 154, 1023, 1024
149, 13, 245, 713, 247, 965, 1025
150, 18, 275, 714, 277, 968, 1026
151, 419, 417, 619, 1027, 1028, 1029
152, 428, 426, 620, 1030, 1031, 1032
153, 319, 7, 515, 1033, 1034, 891
154, 320, 8, 516, 1035, 1036, 894
155, 579, 571, 703, 1037, 974, 1038
156, 580, 572, 704, 1039, 976, 1040
157, 226, 531, 555, 1041, 1042, 1043
158, 296, 532, 556, 1044, 1045, 1046
159, 341, 260, 517, 1047, 1048, 1049
160, 342, 270, 518, 1050, 1051, 1052
161, 204, 485, 515, 1053, 901, 1054
162, 218, 486, 516, 1055, 904, 1056
163, 205, 316, 485, 1057, 1058, 1059
164, 219, 315, 486, 1060, 1061, 1062
165, 341, 517, 519, 1049, 1063, 1064
166, 342, 518, 520, 1052, 1065, 1066
167, 486, 315, 707, 1061, 1067, 1068
168, 485, 316, 708, 1058, 1069, 1070
169, 540, 770, 822, 1071, 1072, 1073
170, 539, 769, 824, 1074, 1075, 1076
171, 329, 39, 603, 1077, 1022, 1078
172, 330, 125, 604, 1079, 1024, 1080
173, 579, 703, 717, 1038, 1081, 1082
174, 580, 704, 718, 1040, 1083, 1084
175, 315, 573, 707, 1085, 1011, 1067
176, 316, 574, 708, 1086, 1014, 1069
177, 600, 562, 789, 1001, 1087, 1088
178, 598, 561, 790, 1003, 1089, 1090
179, 607, 333, 765, 1091, 1092, 1093
180, 608, 334, 766, 1094, 1095, 1096
181, 504, 637, 671, 1097, 1098, 1099
182, 506, 638, 672, 1100, 1101, 1102
183, 646, 542, 702, 1103, 1104, 985
184, 644, 544, 701, 1105, 1106, 982
185, 638, 564, 672, 1107, 1108, 1101
186, 637, 563, 671, 1109, 1110, 1098
187, 550, 693, 807, 1111, 953, 1112
188, 554, 694, 808, 1113, 956, 1114
189, 220, 5, 487, 224, 995, 1115
190, 206, 6, 490, 210, 998, 1116
191, 11, 314, 736, 1117, 1118, 1119
192, 24, 313, 735, 1120, 1121, 1122
193, 245, 523, 601, 992, 1123, 963
194, 275, 524, 602, 994, 1124, 966
195, 656, 463, 755, 1125, 1126, 1127
196, 660, 464, 756, 1128, 1129, 1130
197, 335, 589, 615, 1131, 1132, 1133
198, 336, 590, 617, 1134, 1135, 1136
199, 531, 11, 736, 1137, 1119, 1138
200, 532, 24, 735, 1139, 1122, 1140
201, 611, 467, 763, 1141, 1142, 1143
202, 613, 468, 764, 1144, 1145, 1146
203, 435, 419, 619, 1147, 1029, 1148
204, 436, 428, 620, 1149, 1032, 1150
205, 43, 583, 729, 1151, 1152, 1153
206, 129, 584, 730, 1154, 1155, 1156
207, 629, 47, 767, 1157, 1158, 1159
208, 630, 133, 768, 1160, 1161, 1162
209, 333, 729, 765, 1163, 1164, 1092
210, 334, 730, 766, 1165, 1166, 1095
211, 116, 631, 801, 1167, 1168, 1169
212, 30, 632, 802, 1170, 1171, 1172
213, 487, 489, 573, 1173, 1174, 1175
214, 490, 492, 574, 1176, 1177, 1178
215, 583, 43, 795, 1151, 1179, 1180
216, 584, 129, 796, 1154, 1181, 1182
217, 393, 469, 523, 1183, 1184, 1185
218, 398, 470, 524, 1186, 1187, 1188
219, 523, 469, 583, 1184, 1189, 1190
220, 524, 470, 584, 1187, 1191, 1192
221, 589, 335, 733, 1131, 1193, 1194
222, 590, 336, 734, 1134, 1195, 1196
223, 644, 525, 667, 981, 1197, 1198
224, 646, 526, 668, 984, 1199, 1200
225, 534, 651, 727, 1201, 1202, 1203
226, 536, 652, 728, 1204, 1205, 1206
227, 603, 40, 723, 1021, 1207, 1208
228, 604, 126, 724, 1023, 1209, 1210
229, 555, 531, 709, 1042, 1211, 1212
230, 556, 532, 710, 1045, 1213, 1214
231, 710, 621, 794, 1215, 1216, 1217
232, 709, 622, 793, 1218, 1219, 1220
233, 770, 540, 828, 1071, 1221, 1222
234, 769, 539, 827, 1074, 1223, 1224
235, 655, 656, 755, 1225, 1127, 1226
236, 659, 660, 756, 1227, 1130, 1228
237, 691, 616, 753, 1229, 1230, 1231
238, 692, 618, 754, 1232, 1233, 1234
239, 717, 447, 775, 1235, 1236, 1237
240, 718, 448, 776, 1238, 1239, 1240
241, 46, 47, 629, 75, 1157, 1241
242, 132, 133, 630, 161, 1160, 1242
243, 116, 117, 631, 145, 1243, 1167
244, 30, 31, 632, 59, 1244, 1170
245, 651, 321, 727, 1245, 1246, 1202
246, 652, 322, 728, 1247, 1248, 1205
247, 616, 691, 835, 1229, 1249, 1250
248, 618, 692, 836, 1232, 1251, 1252
249, 471, 709, 793, 1253, 1220, 1254
250, 472, 710, 794, 1255, 1217, 1256
251, 573, 489, 739, 1174, 1257, 1258
252, 574, 492, 740, 1177, 1259, 1260
253, 597, 565, 711, 1261, 1262, 1263
254, 599, 566, 712, 1264, 1265, 1266
255, 813, 673, 873, 1267, 1268, 1269
256, 814, 674, 874, 1270, 1271, 1272
257, 507, 673, 813, 1273, 1267, 1274
258, 508, 674, 814, 1275, 1270, 1276
259, 619, 417, 829, 1028, 1277, 1278
260, 620, 426, 830, 1031, 1279, 1280
261, 579, 717, 775, 1082, 1237, 1281
262, 580, 718, 776, 1084, 1240, 1282
263, 612, 611, 763, 1283, 1143, 1284
264, 614, 613, 764, 1285, 1146, 1286
265, 517, 261, 767, 1287, 1288, 1289
266, 518, 271, 768, 1290, 1291, 1292
267, 634, 682, 743, 1293, 1294, 1295
268, 633, 684, 744, 1296, 1297, 1298
269, 323, 644, 667, 1299, 1198, 1300
270, 324, 646, 668, 1301, 1200, 1302
271, 44, 45, 601, 73, 1303, 1304
272, 130, 131, 602, 159, 1305, 1306
273, 601, 45, 713, 1303, 1307, 964
274, 602, 131, 714, 1305, 1308, 967
275, 591, 521, 737, 1309, 1310, 1311
276, 592, 522, 738, 1312, 1313, 1314
277, 597, 711, 787, 1263, 1315, 1316
278, 599, 712, 788, 1266, 1317, 1318
279, 478, 609, 669, 1319, 1320, 1321
280, 475, 610, 670, 1322, 1323, 1324
281, 521, 591, 843, 1309, 1325, 1326
282, 522, 592, 844, 1312, 1327, 1328
283, 559, 655, 755, 1329, 1226, 1330
284, 560, 659, 756, 1331, 1228, 1332
285, 261, 629, 767, 1333, 1159, 1288
286, 271, 630, 768, 1334, 1162, 1291
287, 346, 595, 721, 947, 1335, 1336
288, 360, 596, 722, 950, 1337, 1338
289, 770, 567, 822, 1339, 1340, 1072
290, 769, 568, 824, 1341, 1342, 1075
291, 372, 648, 759, 881, 1343, 1344
292, 383, 650, 760, 883, 1345, 1346
293, 407, 606, 770, 1347, 1348, 1349
294, 412, 605, 769, 1350, 1351, 1352
295, 823, 539, 824, 1353, 1076, 1354
296, 821, 540, 822, 1355, 1073, 1356
297, 337, 661, 791, 1357, 1358, 1359
298, 338, 662, 792, 1360, 1361, 1362
299, 319, 585, 586, 893, 1363, 1364
300, 320, 587, 588, 896, 1365, 1366
301, 648, 557, 737, 875, 1367, 1368
302, 650, 558, 738, 878, 1369, 1370
303, 611, 34, 623, 1371, 1372, 1373
304, 613, 120, 624, 1374, 1375, 1376
305, 569, 497, 595, 928, 1377, 1378
306, 570, 498, 596, 931, 1379, 1380
307, 33, 611, 612, 1381, 1283, 1382
308, 119, 613, 614, 1383, 1285, 1384
309, 225, 555, 802, 1385, 1386, 1387
310, 295, 556, 801, 1388, 1389, 1390
311, 664, 663, 700, 1391, 1392, 1393
312, 666, 665, 699, 1394, 1395, 1396
313, 606, 407, 684, 1347, 1397, 1398
314, 605, 412, 682, 1350, 1399, 1400
315, 682, 634, 816, 1293, 1401, 1402
316, 684, 633, 815, 1296, 1403, 1404
317, 537, 707, 731, 1405, 1013, 1406
318, 538, 708, 732, 1407, 1016, 1408
319, 335, 615, 616, 1133, 1409, 1410
320, 336, 617, 618, 1136, 1411, 1412
321, 394, 325, 395, 918, 987, 1413
322, 399, 326, 400, 921, 989, 1414
323, 622, 531, 736, 1415, 1138, 1416
324, 621, 532, 735, 1417, 1140, 1418
325, 609, 478, 789, 1319, 1419, 1420
326, 610, 475, 790, 1322, 1421, 1422
327, 537, 673, 774, 1423, 1424, 1425
328, 538, 674, 773, 1426, 1427, 1428
329, 653, 323, 667, 1429, 1300, 1430
330, 657, 324, 668, 1431, 1302, 1432
331, 32, 33, 612, 61, 1382, 1433
332, 118, 119, 614, 147, 1384, 1434
333, 487, 488, 489, 997, 1435, 1173
334, 490, 491, 492, 1000, 1436, 1176
335, 305, 654, 655, 1437, 1438, 1439
336, 306, 658, 659, 1440, 1441, 1442
337, 632, 225, 802, 1443, 1387, 1171
338, 631, 295, 801, 1444, 1390, 1168
339, 606, 567, 770, 1445, 1339, 1348
340, 605, 568, 769, 1446, 1341, 1351
341, 655, 559, 805, 1329, 1447, 1448
342, 659, 560, 806, 1331, 1449, 1450
343, 35, 331, 623, 1451, 1452, 1453
344, 121, 332, 624, 1454, 1455, 1456
345, 118, 614, 852, 1434, 1457, 1458
346, 32, 612, 851, 1433, 1459, 1460
347, 33, 34, 611, 62, 1371, 1381
348, 119, 120, 613, 148, 1374, 1383
349, 51, 479, 635, 1461, 1462, 1463
350, 137, 480, 636, 1464, 1465, 1466
351, 313, 373, 374, 887, 1467, 1468
352, 314, 384, 385, 890, 1469, 1470
353, 323, 643, 644, 1471, 1472, 1299
354, 324, 645, 646, 1473, 1474, 1301
355, 341, 519, 575, 1064, 1475, 1476
356, 342, 520, 576, 1066, 1477, 1478
357, 305, 89, 654, 1479, 1480, 1437
358, 306, 175, 658, 1481, 1482, 1440
359, 28, 471, 641, 1483, 1484, 1485
360, 114, 472, 642, 1486, 1487, 1488
361, 481, 633, 744, 1489, 1298, 1490
362, 482, 634, 743, 1491, 1295, 1492
363, 323, 92, 643, 1493, 1494, 1471
364, 324, 178, 645, 1495, 1496, 1473
365, 549, 603, 723, 1497, 1208, 1498
366, 553, 604, 724, 1499, 1210, 1500
367, 393, 394, 469, 919, 1501, 1183
368, 398, 399, 470, 922, 1502, 1186
369, 375, 373, 647, 1503, 1504, 1505
370, 386, 384, 649, 1506, 1507, 1508
371, 91, 323, 653, 1509, 1429, 1510
372, 177, 324, 657, 1511, 1431, 1512
373, 654, 653, 656, 1513, 1514, 1515
374, 658, 657, 660, 1516, 1517, 1518
375, 49, 50, 337, 78, 1519, 1520
376, 135, 136, 338, 164, 1521, 1522
377, 337, 50, 635, 1519, 1523, 1524
378, 338, 136, 636, 1521, 1525, 1526
379, 664, 700, 838, 1393, 1527, 1528
380, 666, 699, 837, 1396, 1529, 1530
381, 655, 654, 656, 1438, 1515, 1225
382, 659, 658, 660, 1441, 1518, 1227
383, 41, 42, 333, 70, 1531, 1532
384, 127, 128, 334, 156, 1533, 1534
385, 35, 36, 331, 64, 1535, 1451
386, 121, 122, 332, 150, 1536, 1454
387, 84, 321, 651, 1537, 1245, 1538
388, 170, 322, 652, 1539, 1247, 1540
389, 197, 317, 845, 1541, 1542, 1543
390, 211, 318, 846, 1544, 1545, 1546
391, 467, 611, 780, 1141, 1547, 1548
392, 468, 613, 779, 1144, 1549, 1550
393, 47, 48, 719, 76, 1551, 1552
394, 133, 134, 720, 162, 1553, 1554
395, 34, 35, 623, 63, 1453, 1372
396, 120, 121, 624, 149, 1456, 1375
397, 521, 647, 648, 1555, 1556, 1557
398, 522, 649, 650, 1558, 1559, 1560
399, 319, 586, 633, 1364, 1561, 1562
400, 320, 588, 634, 1366, 1563, 1564
401, 595, 353, 813, 978, 1565, 1566
402, 596, 367, 814, 980, 1567, 1568
403, 378, 375, 647, 1569, 1505, 1570
404, 389, 386, 649, 1571, 1508, 1572
405, 28, 29, 471, 57, 1573, 1483
406, 114, 115, 472, 143, 1574, 1486
407, 408, 468, 639, 972, 1575, 1576
408, 403, 467, 640, 970, 1577, 1578
409, 521, 378, 647, 1579, 1570, 1555
410, 522, 389, 649, 1580, 1572, 1558
411, 90, 653, 654, 1581, 1513, 1582
412, 176, 657, 658, 1583, 1516, 1584
413, 341, 575, 619, 1476, 1585, 1586
414, 342, 576, 620, 1478, 1587, 1588
415, 380, 378, 521, 1589, 1579, 1590
416, 391, 389, 522, 1591, 1580, 1592
417, 447, 455, 461, 1593, 1594, 1595
418, 448, 456, 462, 1596, 1597, 1598
419, 461, 557, 563, 1599, 1600, 1601
420, 462, 558, 564, 1602, 1603, 1604
421, 423, 445, 447, 1605, 1606, 1607
422, 432, 446, 448, 1608, 1609, 1610
423, 84, 85, 321, 99, 1611, 1537
424, 170, 171, 322, 185, 1612, 1539
425, 661, 337, 797, 1357, 1613, 1614
426, 662, 338, 798, 1360, 1615, 1616
427, 91, 92, 323, 106, 1493, 1509
428, 177, 178, 324, 192, 1495, 1511
429, 93, 453, 643, 1617, 1618, 1619
430, 179, 454, 645, 1620, 1621, 1622
431, 86, 87, 335, 101, 1623, 1624
432, 172, 173, 336, 187, 1625, 1626
433, 90, 91, 653, 105, 1510, 1581
434, 176, 177, 657, 191, 1512, 1583
435, 339, 27, 641, 1627, 1628, 1629
436, 340, 113, 642, 1630, 1631, 1632
437, 656, 653, 667, 1514, 1430, 1633
438, 660, 657, 668, 1517, 1432, 1634
439, 88, 89, 305, 103, 1479, 1635
440, 174, 175, 306, 189, 1481, 1636
441, 318, 212, 482, 1637, 1638, 1639
442, 317, 198, 481, 1640, 1641, 1642
443, 461, 455, 557, 1594, 1643, 1599
444, 462, 456, 558, 1597, 1644, 1602
445, 38, 39, 329, 67, 1077, 1645
446, 124, 125, 330, 153, 1079, 1646
447, 447, 445, 455, 1606, 1647, 1593
448, 448, 446, 456, 1609, 1648, 1596
449, 331, 36, 711, 1535, 1649, 1650
450, 332, 122, 712, 1536, 1651, 1652
451, 285, 539, 823, 1653, 1353, 1654
452, 235, 540, 821, 1655, 1355, 1656
453, 412, 411, 681, 1657, 1658, 1659
454, 407, 406, 683, 1660, 1661, 1662
455, 27, 28, 641, 56, 1485, 1628
456, 113, 114, 642, 142, 1488, 1631
457, 93, 94, 453, 108, 1663, 1617
458, 179, 180, 454, 194, 1664, 1620
459, 7, 204, 515, 207, 1054, 1034
460, 8, 218, 516, 221, 1056, 1036
461, 92, 93, 643, 107, 1619, 1494
462, 178, 179, 645, 193, 1622, 1496
463, 89, 90, 654, 104, 1582, 1480
464, 175, 176, 658, 190, 1584, 1482
465, 83, 84, 651, 98, 1538, 1665
466, 169, 170, 652, 184, 1540, 1666
467, 199, 7, 319, 203, 1033, 1667
468, 213, 8, 320, 217, 1035, 1668
469, 197, 198, 317, 201, 1640, 1541
470, 211, 212, 318, 215, 1637, 1544
471, 205, 206, 316, 209, 1669, 1057
472, 219, 220, 315, 223, 1670, 1060
473, 50, 51, 635, 79, 1463, 1523
474, 136, 137, 636, 165, 1466, 1525
475, 542, 646, 762, 1103, 1671, 933
476, 544, 644, 761, 1105, 1672, 935
477, 255, 309, 825, 1673, 959, 1674
478, 265, 310, 826, 1675, 962, 1676
479, 51, 52, 479, 80, 1677, 1461
480, 137, 138, 480, 166, 1678, 1464
481, 563, 557, 671, 1600, 877, 1110
482, 564, 558, 672, 1603, 880, 1108
483, 453, 663, 664, 1679, 1391, 1680
484, 454, 665, 666, 1681, 1394, 1682
485, 26, 27, 339, 55, 1627, 1683
486, 112, 113, 340, 141, 1630, 1684
487, 204, 205, 485, 208, 1059, 1053
488, 218, 219, 486, 222, 1062, 1055
489, 531, 622, 709, 1415, 1218, 1211
490, 532, 621, 710, 1417, 1215, 1213
491, 351, 350, 354, 1685, 1686, 1687
492, 365, 364, 368, 1688, 1689, 1690
493, 349, 347, 350, 1691, 1692, 1693
494, 363, 361, 364, 1694, 1695, 1696
495, 411, 457, 681, 1697, 1698, 1658
496, 406, 459, 683, 1699, 1700, 1661
497, 333, 607, 803, 1091, 1701, 1702
498, 334, 608, 804, 1094, 1703, 1704
499, 561, 488, 610, 1705, 1706, 1707
500, 562, 491, 609, 1708, 1709, 1710
501, 350, 347, 675, 1692, 1711, 1712
502, 364, 361, 676, 1695, 1713, 1714
503, 316, 206, 490, 1669, 1116, 1715
504, 315, 220, 487, 1670, 1115, 1716
505, 453, 94, 663, 1663, 1717, 1679
506, 454, 180, 665, 1664, 1718, 1681
507, 457, 476, 581, 1719, 1720, 1721
508, 459, 473, 582, 1722, 1723, 1724
509, 529, 350, 675, 1725, 1712, 1726
510, 530, 364, 676, 1727, 1714, 1728
511, 351, 354, 355, 1687, 1729, 1730
512, 365, 368, 369, 1690, 1731, 1732
513, 733, 305, 805, 1733, 1734, 1735
514, 734, 306, 806, 1736, 1737, 1738
515, 251, 14, 311, 254, 1739, 1740
516, 281, 17, 312, 284, 1741, 1742
517, 231, 10, 307, 234, 1743, 1744
518, 301, 21, 308, 304, 1745, 1746
519, 381, 528, 621, 1747, 1748, 1749
520, 392, 527, 622, 1750, 1751, 1752
521, 48, 49, 689, 77, 1753, 1754
522, 134, 135, 690, 163, 1755, 1756
523, 349, 350, 351, 1693, 1685, 1757
524, 363, 364, 365, 1696, 1688, 1758
525, 423, 425, 445, 1759, 1760, 1605
526, 432, 434, 446, 1761, 1762, 1608
527, 784, 211, 846, 1763, 1546, 1764
528, 783, 197, 845, 1765, 1543, 1766
529, 377, 375, 378, 1767, 1569, 1768
530, 388, 386, 389, 1769, 1571, 1770
531, 311, 343, 344, 1771, 1772, 1773
532, 312, 357, 358, 1774, 1775, 1776
533, 344, 345, 675, 1777, 1778, 1779
534, 358, 359, 676, 1780, 1781, 1782
535, 347, 344, 675, 1783, 1779, 1711
536, 361, 358, 676, 1784, 1782, 1713
537, 421, 422, 423, 1785, 1786, 1787
538, 430, 431, 432, 1788, 1789, 1790
539, 449, 628, 824, 1791, 1792, 1793
540, 450, 626, 822, 1794, 1795, 1796
541, 307, 10, 505, 1743, 1797, 1798
542, 308, 21, 503, 1745, 1799, 1800
543, 354, 350, 529, 1686, 1725, 1801
544, 368, 364, 530, 1689, 1727, 1802
545, 381, 621, 735, 1749, 1418, 1803
546, 392, 622, 736, 1752, 1416, 1804
547, 344, 343, 345, 1772, 1805, 1777
548, 358, 357, 359, 1775, 1806, 1780
549, 329, 603, 807, 1078, 1807, 1808
550, 330, 604, 808, 1080, 1809, 1810
551, 537, 397, 673, 1811, 1812, 1423
552, 538, 402, 674, 1813, 1814, 1426
553, 423, 447, 717, 1607, 1235, 1815
554, 432, 448, 718, 1610, 1238, 1816
555, 315, 487, 573, 1716, 1175, 1085
556, 316, 490, 574, 1715, 1178, 1086
557, 94, 95, 663, 109, 1817, 1717
558, 180, 181, 665, 195, 1818, 1718
559, 311, 14, 343, 1739, 1819, 1771
560, 312, 17, 357, 1741, 1820, 1774
561, 716, 118, 852, 1821, 1458, 1822
562, 715, 32, 851, 1823, 1460, 1824
563, 308, 503, 504, 1800, 1825, 1826
564, 307, 505, 506, 1798, 1827, 1828
565, 504, 503, 627, 1825, 1829, 1830
566, 506, 505, 625, 1827, 1831, 1832
567, 463, 380, 577, 1833, 1834, 1835
568, 464, 391, 578, 1836, 1837, 1838
569, 379, 378, 380, 1839, 1589, 1840
570, 390, 389, 391, 1841, 1591, 1842
571, 489, 488, 561, 1435, 1705, 1843
572, 492, 491, 562, 1436, 1708, 1844
573, 396, 395, 397, 1845, 1846, 1847
574, 401, 400, 402, 1848, 1849, 1850
575, 627, 503, 628, 1829, 1851, 1852
576, 625, 505, 626, 1831, 1853, 1854
577, 311, 344, 346, 1773, 1855, 1856
578, 312, 358, 360, 1776, 1857, 1858
579, 47, 719, 767, 1552, 1859, 1158
580, 133, 720, 768, 1554, 1860, 1161
581, 418, 420, 421, 1861, 1862, 1863
582, 427, 429, 430, 1864, 1865, 1866
583, 582, 473, 670, 1723, 1867, 1868
584, 581, 476, 669, 1720, 1869, 1870
585, 346, 344, 347, 1855, 1783, 1871
586, 360, 358, 361, 1857, 1784, 1872
587, 455, 445, 591, 1647, 1873, 1874
588, 456, 446, 592, 1648, 1875, 1876
589, 356, 355, 449, 1877, 1878, 1879
590, 370, 369, 450, 1880, 1881, 1882
591, 412, 681, 682, 1659, 1883, 1399
592, 407, 683, 684, 1662, 1884, 1397
593, 15, 250, 325, 252, 1885, 941
594, 20, 280, 326, 282, 1886, 943
595, 236, 12, 327, 239, 1887, 1888
596, 286, 23, 328, 289, 1889, 1890
597, 466, 450, 567, 1891, 1892, 1893
598, 465, 449, 568, 1894, 1895, 1896
599, 504, 627, 637, 1830, 1897, 1097
600, 506, 625, 638, 1832, 1898, 1100
601, 476, 478, 669, 1899, 1321, 1869
602, 473, 475, 670, 1900, 1324, 1867
603, 348, 347, 349, 1901, 1691, 1902
604, 362, 361, 363, 1903, 1694, 1904
605, 499, 597, 598, 1905, 1906, 1907
606, 500, 599, 600, 1908, 1909, 1910
607, 529, 675, 679, 1726, 1911, 1912
608, 530, 676, 680, 1728, 1913, 1914
609, 463, 656, 777, 1125, 1915, 1916
610, 464, 660, 778, 1128, 1917, 1918
611, 345, 343, 571, 1805, 1919, 1920
612, 359, 357, 572, 1806, 1921, 1922
613, 438, 352, 501, 1923, 1924, 1925
614, 437, 366, 502, 1926, 1927, 1928
615, 459, 582, 683, 1724, 1929, 1700
616, 457, 581, 681, 1721, 1930, 1698
617, 595, 497, 721, 1377, 938, 1335
618, 596, 498, 722, 1379, 940, 1337
619, 351, 355, 356, 1730, 1877, 1931
620, 365, 369, 370, 1732, 1880, 1932
621, 395, 569, 873, 929, 1933, 1934
622, 400, 570, 874, 932, 1935, 1936
623, 235, 236, 540, 238, 1937, 1655
624, 285, 286, 539, 288, 1938, 1653
625, 562, 609, 789, 1710, 1420, 1087
626, 561, 610, 790, 1707, 1422, 1089
627, 405, 406, 407, 1939, 1660, 1940
628, 410, 411, 412, 1941, 1657, 1942
629, 325, 250, 497, 1885, 937, 988
630, 326, 280, 498, 1886, 939, 990
631, 394, 395, 396, 1413, 1845, 1943
632, 399, 400, 401, 1414, 1848, 1944
633, 501, 352, 678, 1924, 1945, 1946
634, 502, 366, 677, 1927, 1947, 1948
635, 415, 397, 537, 1949, 1811, 1950
636, 416, 402, 538, 1951, 1813, 1952
637, 348, 352, 353, 1953, 1954, 977
638, 362, 366, 367, 1955, 1956, 979
639, 423, 422, 425, 1786, 1957, 1759
640, 432, 431, 434, 1789, 1958, 1761
641, 519, 517, 719, 1063, 1959, 1960
642, 520, 518, 720, 1065, 1961, 1962
643, 328, 409, 410, 1963, 1964, 1965
644, 327, 404, 405, 1966, 1967, 1968
645, 230, 231, 382, 233, 1969, 924
646, 300, 301, 371, 303, 1970, 926
647, 335, 87, 733, 1623, 1971, 1193
648, 336, 173, 734, 1625, 1972, 1195
649, 255, 256, 309, 258, 1973, 1673
650, 265, 266, 310, 268, 1974, 1675
651, 533, 483, 661, 1975, 1976, 1977
652, 535, 484, 662, 1978, 1979, 1980
653, 88, 305, 733, 1635, 1733, 1981
654, 174, 306, 734, 1636, 1736, 1982
655, 345, 571, 579, 1920, 1037, 1983
656, 359, 572, 580, 1922, 1039, 1984
657, 353, 438, 507, 1985, 1986, 1987
658, 367, 437, 508, 1988, 1989, 1990
659, 346, 347, 348, 1871, 1901, 945
660, 360, 361, 362, 1872, 1903, 948
661, 25, 26, 699, 54, 1991, 1992
662, 111, 112, 700, 140, 1993, 1994
663, 648, 647, 759, 1556, 1995, 1343
664, 650, 649, 760, 1559, 1996, 1345
665, 353, 352, 438, 1954, 1923, 1985
666, 367, 366, 437, 1956, 1926, 1988
667, 541, 413, 542, 1997, 1998, 911
668, 543, 414, 544, 1999, 2000, 914
669, 356, 449, 465, 1879, 1894, 2001
670, 370, 450, 466, 1882, 1891, 2002
671, 374, 373, 375, 1467, 1503, 2003
672, 385, 384, 386, 1469, 1506, 2004
673, 465, 568, 605, 1896, 1446, 2005
674, 466, 567, 606, 1893, 1445, 2006
675, 349, 351, 678, 1757, 2007, 2008
676, 363, 365, 677, 1758, 2009, 2010
677, 675, 345, 679, 1778, 2011, 1911
678, 676, 359, 680, 1781, 2012, 1913
679, 421, 420, 422, 1862, 2013, 1785
680, 430, 429, 431, 1865, 2014, 1788
681, 689, 337, 791, 2015, 1359, 2016
682, 690, 338, 792, 2017, 1362, 2018
683, 348, 349, 352, 1902, 2019, 1953
684, 362, 363, 366, 1904, 2020, 1955
685, 11, 230, 314, 232, 923, 1117
686, 24, 300, 313, 302, 925, 1120
687, 396, 397, 415, 1847, 1949, 2021
688, 401, 402, 416, 1850, 1951, 2022
689, 29, 30, 741, 58, 2023, 2024
690, 115, 116, 742, 144, 2025, 2026
691, 309, 418, 703, 2027, 2028, 973
692, 310, 427, 704, 2029, 2030, 975
693, 476, 477, 478, 2031, 2032, 1899
694, 473, 474, 475, 2033, 2034, 1900
695, 589, 513, 615, 2035, 2036, 1132
696, 590, 514, 617, 2037, 2038, 1135
697, 42, 43, 729, 71, 1153, 2039
698, 128, 129, 730, 157, 1156, 2040
699, 445, 425, 685, 1760, 2041, 2042
700, 446, 434, 686, 1762, 2043, 2044
701, 49, 337, 689, 1520, 2015, 1753
702, 135, 338, 690, 1522, 2017, 1755
703, 379, 380, 463, 1840, 1833, 2045
704, 390, 391, 464, 1842, 1836, 2046
705, 377, 378, 379, 1768, 1839, 2047
706, 388, 389, 390, 1770, 1841, 2048
707, 405, 404, 406, 1967, 2049, 1939
708, 410, 409, 411, 1964, 2050, 1941
709, 628, 823, 824, 2051, 1354, 1792
710, 626, 821, 822, 2052, 1356, 1795
711, 352, 349, 678, 2019, 2008, 1945
712, 366, 363, 677, 2020, 2010, 1947
713, 365, 370, 677, 1932, 2053, 2009
714, 351, 356, 678, 1931, 2054, 2007
715, 376, 375, 377, 2055, 1767, 2056
716, 387, 386, 388, 2057, 1769, 2058
717, 82, 83, 705, 97, 2059, 2060
718, 168, 169, 706, 183, 2061, 2062
719, 371, 372, 759, 2063, 1344, 2064
720, 382, 383, 760, 2065, 1346, 2066
721, 549, 548, 550, 2067, 2068, 2069
722, 553, 552, 554, 2070, 2071, 2072
723, 345, 579, 679, 1983, 2073, 2011
724, 359, 580, 680, 1984, 2074, 2012
725, 591, 445, 685, 1873, 2042, 2075
726, 592, 446, 686, 1875, 2044, 2076
727, 424, 451, 509, 2077, 2078, 2079
728, 433, 452, 510, 2080, 2081, 2082
729, 246, 15, 393, 249, 942, 2083
730, 276, 20, 398, 279, 944, 2084
731, 43, 44, 795, 72, 2085, 1179
732, 129, 130, 796, 158, 2086, 1181
733, 40, 41, 723, 69, 2087, 1207
734, 126, 127, 724, 155, 2088, 1209
735, 424, 419, 435, 2089, 1147, 2090
736, 433, 428, 436, 2091, 1149, 2092
737, 644, 643, 761, 1472, 2093, 1672
738, 646, 645, 762, 1474, 2094, 1671
739, 425, 439, 443, 2095, 2096, 2097
740, 434, 440, 444, 2098, 2099, 2100
741, 425, 422, 439, 1957, 2101, 2095
742, 434, 431, 440, 1958, 2102, 2098
743, 751, 607, 765, 2103, 1093, 2104
744, 752, 608, 766, 2105, 1096, 2106
745, 478, 477, 500, 2032, 2107, 2108
746, 475, 474, 499, 2034, 2109, 2110
747, 425, 443, 685, 2097, 2111, 2041
748, 434, 444, 686, 2100, 2112, 2043
749, 457, 458, 476, 2113, 2114, 1719
750, 459, 460, 473, 2115, 2116, 1722
751, 493, 547, 607, 2117, 2118, 2119
752, 495, 551, 608, 2120, 2121, 2122
753, 418, 419, 420, 2123, 2124, 1861
754, 427, 428, 429, 2125, 2126, 1864
755, 443, 513, 559, 2127, 2128, 2129
756, 444, 514, 560, 2130, 2131, 2132
757, 377, 379, 525, 2047, 2133, 2134
758, 388, 390, 526, 2048, 2135, 2136
759, 637, 354, 831, 2137, 2138, 2139
760, 638, 368, 832, 2140, 2141, 2142
761, 44, 601, 795, 1304, 2143, 2085
762, 130, 602, 796, 1306, 2144, 2086
763, 589, 733, 805, 1194, 1735, 2145
764, 590, 734, 806, 1196, 1738, 2146
765, 698, 786, 840, 2147, 2148, 2149
766, 697, 785, 839, 2150, 2151, 2152
767, 327, 12, 403, 1887, 908, 2153
768, 328, 23, 408, 1889, 910, 2154
769, 547, 494, 548, 2155, 2156, 2157
770, 551, 496, 552, 2158, 2159, 2160
771, 707, 537, 774, 1405, 1425, 2161
772, 708, 538, 773, 1407, 1428, 2162
773, 309, 256, 417, 1973, 2163, 2164
774, 310, 266, 426, 1974, 2165, 2166
775, 420, 419, 424, 2124, 2089, 2167
776, 429, 428, 433, 2126, 2091, 2168
777, 443, 439, 513, 2096, 2169, 2127
778, 444, 440, 514, 2099, 2170, 2130
779, 16, 260, 341, 262, 1047, 2171
780, 19, 270, 342, 272, 1050, 2172
781, 559, 513, 589, 2128, 2035, 2173
782, 560, 514, 590, 2131, 2037, 2174
783, 335, 616, 799, 1410, 2175, 2176
784, 336, 618, 800, 1412, 2177, 2178
785, 328, 408, 409, 2154, 2179, 1963
786, 327, 403, 404, 2153, 2180, 1966
787, 499, 474, 565, 2109, 2181, 2182
788, 500, 477, 566, 2107, 2183, 2184
789, 557, 455, 737, 1643, 2185, 1367
790, 558, 456, 738, 1644, 2186, 1369
791, 476, 458, 477, 2114, 2187, 2031
792, 473, 460, 474, 2116, 2188, 2033
793, 418, 417, 419, 2189, 1027, 2123
794, 427, 426, 428, 2190, 1030, 2125
795, 406, 441, 459, 2191, 2192, 1699
796, 411, 442, 457, 2193, 2194, 1697
797, 549, 550, 603, 2069, 2195, 1497
798, 553, 554, 604, 2072, 2196, 1499
799, 493, 415, 494, 2197, 2198, 2199
800, 495, 416, 496, 2200, 2201, 2202
801, 424, 435, 451, 2090, 2203, 2077
802, 433, 436, 452, 2092, 2204, 2080
803, 309, 417, 418, 2164, 2189, 2027
804, 310, 426, 427, 2166, 2190, 2029
805, 226, 11, 531, 229, 1137, 1041
806, 296, 24, 532, 299, 1139, 1044
807, 453, 664, 761, 1680, 936, 2205
808, 454, 666, 762, 1682, 934, 2206
809, 555, 709, 741, 1212, 2207, 2208
810, 556, 710, 742, 1214, 2209, 2210
811, 451, 435, 483, 2203, 2211, 2212
812, 452, 436, 484, 2204, 2213, 2214
813, 489, 561, 693, 1843, 1004, 2215
814, 492, 562, 694, 1844, 1002, 2216
815, 511, 533, 534, 2217, 2218, 2219
816, 512, 535, 536, 2220, 2221, 2222
817, 500, 566, 599, 2184, 1264, 1908
818, 499, 565, 597, 2182, 1261, 1905
819, 396, 415, 493, 2021, 2197, 2223
820, 401, 416, 495, 2022, 2200, 2224
821, 374, 375, 376, 2003, 2055, 2225
822, 385, 386, 387, 2004, 2057, 2226
823, 458, 442, 546, 2227, 2228, 2229
824, 460, 441, 545, 2230, 2231, 2232
825, 406, 404, 441, 2049, 2233, 2191
826, 411, 409, 442, 2050, 2234, 2193
827, 511, 483, 533, 2235, 1975, 2217
828, 512, 484, 535, 2236, 1978, 2220
829, 451, 483, 511, 2212, 2235, 2237
830, 452, 484, 512, 2214, 2236, 2238
831, 422, 420, 687, 2013, 2239, 2240
832, 431, 429, 688, 2014, 2241, 2242
833, 83, 651, 705, 1665, 2243, 2059
834, 169, 652, 706, 1666, 2244, 2061
835, 374, 376, 381, 2225, 2245, 2246
836, 385, 387, 392, 2226, 2247, 2248
837, 26, 339, 699, 1683, 2249, 1991
838, 112, 340, 700, 1684, 2250, 1993
839, 372, 371, 862, 2063, 2251, 2252
840, 383, 382, 861, 2065, 2253, 2254
841, 689, 519, 719, 2255, 1960, 2256
842, 690, 520, 720, 2257, 1962, 2258
843, 635, 479, 745, 1462, 2259, 2260
844, 636, 480, 746, 1465, 2261, 2262
845, 703, 421, 717, 2263, 2264, 1081
846, 704, 430, 718, 2265, 2266, 1083
847, 547, 548, 549, 2157, 2067, 2267
848, 551, 552, 553, 2160, 2070, 2268
849, 469, 751, 765, 2269, 2104, 2270
850, 470, 752, 766, 2271, 2106, 2272
851, 341, 619, 829, 1586, 1278, 2273
852, 342, 620, 830, 1588, 1280, 2274
853, 527, 413, 541, 2275, 1997, 2276
854, 528, 414, 543, 2277, 1999, 2278
855, 501, 678, 696, 1946, 2279, 2280
856, 502, 677, 695, 1948, 2281, 2282
857, 381, 414, 528, 2283, 2277, 1747
858, 392, 413, 527, 2284, 2275, 1750
859, 16, 341, 829, 2171, 2273, 2285
860, 19, 342, 830, 2172, 2274, 2286
861, 311, 346, 721, 1856, 1336, 2287
862, 312, 360, 722, 1858, 1338, 2288
863, 370, 466, 695, 2002, 2289, 2290
864, 356, 465, 696, 2001, 2291, 2292
865, 678, 356, 696, 2054, 2292, 2279
866, 677, 370, 695, 2053, 2290, 2281
867, 542, 413, 702, 1998, 2293, 1104
868, 544, 414, 701, 2000, 2294, 1106
869, 493, 494, 547, 2199, 2155, 2117
870, 495, 496, 551, 2202, 2158, 2120
871, 38, 329, 787, 1645, 2295, 2296
872, 124, 330, 788, 1646, 2297, 2298
873, 321, 85, 799, 1611, 2299, 2300
874, 322, 171, 800, 1612, 2301, 2302
875, 418, 421, 703, 1863, 2263, 2028
876, 427, 430, 704, 1866, 2265, 2030
877, 381, 376, 414, 2245, 2303, 2283
878, 392, 387, 413, 2247, 2304, 2284
879, 86, 335, 799, 1624, 2176, 2305
880, 172, 336, 800, 1626, 2178, 2306
881, 670, 610, 845, 1323, 2307, 2308
882, 669, 609, 846, 1320, 2309, 2310
883, 424, 509, 687, 2079, 2311, 2312
884, 433, 510, 688, 2082, 2313, 2314
885, 459, 441, 460, 2192, 2230, 2115
886, 457, 442, 458, 2194, 2227, 2113
887, 523, 583, 795, 1190, 1180, 2315
888, 524, 584, 796, 1192, 1182, 2316
889, 420, 424, 687, 2167, 2312, 2239
890, 429, 433, 688, 2168, 2314, 2241
891, 439, 422, 687, 2101, 2240, 2317
892, 440, 431, 688, 2102, 2242, 2318
893, 788, 330, 854, 2297, 2319, 2320
894, 787, 329, 853, 2295, 2321, 2322
895, 585, 515, 771, 892, 2323, 2324
896, 587, 516, 772, 895, 2325, 2326
897, 515, 593, 771, 903, 2327, 2323
898, 516, 594, 772, 906, 2328, 2325
899, 509, 451, 691, 2078, 2329, 2330
900, 510, 452, 692, 2081, 2331, 2332
901, 225, 226, 555, 228, 1043, 1385
902, 295, 296, 556, 298, 1046, 1388
903, 615, 513, 725, 2036, 2333, 2334
904, 617, 514, 726, 2038, 2335, 2336
905, 568, 449, 824, 1895, 1793, 1342
906, 567, 450, 822, 1892, 1796, 1340
907, 575, 661, 819, 2337, 2338, 2339
908, 576, 662, 820, 2340, 2341, 2342
909, 709, 471, 741, 1253, 2343, 2207
910, 710, 472, 742, 1255, 2344, 2209
911, 377, 525, 701, 2134, 983, 2345
912, 388, 526, 702, 2136, 986, 2346
913, 260, 261, 517, 263, 1287, 1048
914, 270, 271, 518, 273, 1290, 1051
915, 380, 521, 843, 1590, 1326, 2347
916, 391, 522, 844, 1592, 1328, 2348
917, 48, 689, 719, 1754, 2256, 1551
918, 134, 690, 720, 1756, 2258, 1553
919, 611, 623, 780, 1373, 2349, 1547
920, 613, 624, 779, 1376, 2350, 1549
921, 593, 485, 773, 902, 2351, 2352
922, 594, 486, 774, 905, 2353, 2354
923, 451, 511, 691, 2237, 2355, 2329
924, 452, 512, 692, 2238, 2356, 2331
925, 41, 333, 723, 1532, 2357, 2087
926, 127, 334, 724, 1534, 2358, 2088
927, 52, 2, 811, 81, 2359, 2360
928, 138, 4, 812, 167, 2361, 2362
929, 421, 423, 717, 1787, 1815, 2264
930, 430, 432, 718, 1790, 1816, 2266
931, 376, 377, 701, 2056, 2345, 2363
932, 387, 388, 702, 2058, 2346, 2364
933, 36, 37, 711, 65, 2365, 1649
934, 122, 123, 712, 151, 2366, 1651
935, 2, 82, 811, 96, 2367, 2359
936, 4, 168, 812, 182, 2368, 2361
937, 435, 619, 819, 1148, 2369, 2370
938, 436, 620, 820, 1150, 2371, 2372
939, 373, 371, 759, 886, 2064, 2373
940, 384, 382, 760, 889, 2066, 2374
941, 333, 42, 729, 1531, 2039, 1163
942, 334, 128, 730, 1533, 2040, 1165
943, 251, 311, 721, 1740, 2287, 897
944, 281, 312, 722, 1742, 2288, 899
945, 565, 474, 697, 2181, 2375, 2376
946, 566, 477, 698, 2183, 2377, 2378
947, 488, 5, 783, 996, 2379, 2380
948, 491, 6, 784, 999, 2381, 2382
949, 494, 415, 731, 2198, 2383, 2384
950, 496, 416, 732, 2201, 2385, 2386
951, 397, 395, 873, 1846, 1934, 2387
952, 402, 400, 874, 1849, 1936, 2388
953, 601, 523, 795, 1123, 2315, 2143
954, 602, 524, 796, 1124, 2316, 2144
955, 548, 494, 867, 2156, 2389, 2390
956, 552, 496, 868, 2159, 2391, 2392
957, 591, 685, 843, 2075, 2393, 1325
958, 592, 686, 844, 2076, 2394, 1327
959, 467, 240, 763, 969, 2395, 1142
960, 468, 290, 764, 971, 2396, 1145
961, 511, 534, 727, 2219, 1203, 2397
962, 512, 536, 728, 2222, 1206, 2398
963, 489, 693, 855, 2215, 2399, 2400
964, 492, 694, 856, 2216, 2401, 2402
965, 474, 460, 697, 2188, 2403, 2375
966, 477, 458, 698, 2187, 2404, 2377
967, 681, 581, 743, 1930, 2405, 2406
968, 683, 582, 744, 1929, 2407, 2408
969, 460, 545, 697, 2232, 2409, 2403
970, 458, 546, 698, 2229, 2410, 2404
971, 439, 687, 725, 2317, 2411, 2412
972, 440, 688, 726, 2318, 2413, 2414
973, 559, 755, 809, 1330, 2415, 2416
974, 560, 756, 810, 1332, 2417, 2418
975, 500, 600, 789, 1910, 1088, 2419
976, 499, 598, 790, 1907, 1090, 2420
977, 414, 376, 701, 2303, 2363, 2294
978, 413, 387, 702, 2304, 2364, 2293
979, 256, 16, 829, 259, 2285, 2421
980, 266, 19, 830, 269, 2286, 2422
981, 246, 393, 523, 2083, 1185, 991
982, 276, 398, 524, 2084, 1188, 993
983, 687, 509, 725, 2311, 2423, 2411
984, 688, 510, 726, 2313, 2424, 2413
985, 685, 577, 843, 2425, 2426, 2393
986, 686, 578, 844, 2427, 2428, 2394
987, 46, 629, 713, 1241, 2429, 2430
988, 132, 630, 714, 1242, 2431, 2432
989, 632, 31, 715, 1244, 2433, 2434
990, 631, 117, 716, 1243, 2435, 2436
991, 661, 483, 819, 1976, 2437, 2338
992, 662, 484, 820, 1979, 2438, 2341
993, 698, 546, 786, 2410, 1007, 2147
994, 697, 545, 785, 2409, 1010, 2150
995, 1, 25, 817, 53, 2439, 2440
996, 3, 111, 818, 139, 2441, 2442
997, 739, 489, 855, 1257, 2400, 2443
998, 740, 492, 856, 1259, 2402, 2444
999, 9, 225, 632, 227, 1443, 2445
1000, 22, 295, 631, 297, 1444, 2446
1001, 261, 13, 629, 264, 2447, 1333
1002, 271, 18, 630, 274, 2448, 1334
1003, 10, 235, 821, 237, 1656, 2449
1004, 21, 285, 823, 287, 1654, 2450
1005, 181, 1, 817, 196, 2440, 2451
1006, 95, 3, 818, 110, 2442, 2452
1007, 320, 634, 848, 1564, 2453, 2454
1008, 319, 633, 847, 1562, 2455, 2456
1009, 14, 255, 825, 257, 1674, 2457
1010, 17, 265, 826, 267, 1676, 2458
1011, 394, 396, 751, 1943, 2459, 2460
1012, 399, 401, 752, 1944, 2461, 2462
1013, 505, 10, 821, 1797, 2449, 2463
1014, 503, 21, 823, 1799, 2450, 2464
1015, 771, 437, 850, 2465, 2466, 2467
1016, 772, 438, 849, 2468, 2469, 2470
1017, 493, 607, 751, 2119, 2103, 2471
1018, 495, 608, 752, 2122, 2105, 2472
1019, 447, 461, 775, 1595, 2473, 1236
1020, 448, 462, 776, 1598, 2474, 1239
1021, 437, 771, 859, 2465, 2475, 2476
1022, 438, 772, 860, 2468, 2477, 2478
1023, 415, 537, 731, 1950, 1406, 2383
1024, 416, 538, 732, 1952, 1408, 2385
1025, 469, 394, 751, 1501, 2460, 2269
1026, 470, 399, 752, 1502, 2462, 2271
1027, 199, 319, 847, 1667, 2456, 2479
1028, 213, 320, 848, 1668, 2454, 2480
1029, 343, 14, 825, 1819, 2457, 2481
1030, 357, 17, 826, 1820, 2458, 2482
1031, 513, 439, 725, 2169, 2412, 2333
1032, 514, 440, 726, 2170, 2414, 2335
1033, 45, 46, 713, 74, 2430, 1307
1034, 131, 132, 714, 160, 2432, 1308
1035, 117, 118, 716, 146, 1821, 2435
1036, 31, 32, 715, 60, 1823, 2433
1037, 780, 623, 785, 2349, 2483, 1020
1038, 779, 624, 786, 2350, 2484, 1018
1039, 241, 9, 851, 244, 2485, 2486
1040, 291, 22, 852, 294, 2487, 2488
1041, 667, 525, 777, 1197, 2489, 2490
1042, 668, 526, 778, 1199, 2491, 2492
1043, 641, 471, 793, 1484, 1254, 2493
1044, 642, 472, 794, 1487, 1256, 2494
1045, 711, 37, 787, 2365, 2495, 1315
1046, 712, 123, 788, 2366, 2496, 1317
1047, 354, 529, 831, 1801, 2497, 2138
1048, 368, 530, 832, 1802, 2498, 2141
1049, 321, 799, 835, 2300, 2499, 2500
1050, 322, 800, 836, 2302, 2501, 2502
1051, 87, 88, 733, 102, 1981, 1971
1052, 173, 174, 734, 188, 1982, 1972
1053, 651, 534, 841, 1201, 2503, 2504
1054, 652, 536, 842, 1204, 2505, 2506
1055, 741, 30, 802, 2023, 1172, 2507
1056, 742, 116, 801, 2025, 1169, 2508
1057, 521, 648, 737, 1557, 1368, 1310
1058, 522, 650, 738, 1560, 1370, 1313
1059, 696, 465, 747, 2291, 2509, 2510
1060, 695, 466, 748, 2289, 2511, 2512
1061, 807, 598, 853, 952, 2513, 2514
1062, 808, 600, 854, 955, 2515, 2516
1063, 640, 467, 780, 1577, 1548, 1019
1064, 639, 468, 779, 1575, 1550, 1017
1065, 639, 546, 870, 1005, 2517, 2518
1066, 640, 545, 869, 1008, 2519, 2520
1067, 417, 256, 829, 2163, 2421, 1277
1068, 426, 266, 830, 2165, 2422, 1279
1069, 236, 327, 828, 1888, 2521, 2522
1070, 286, 328, 827, 1890, 2523, 2524
1071, 481, 198, 847, 1641, 2525, 2526
1072, 482, 212, 848, 1638, 2527, 2528
1073, 540, 236, 828, 1937, 2522, 1221
1074, 539, 286, 827, 1938, 2524, 1223
1075, 471, 29, 741, 1573, 2024, 2343
1076, 472, 115, 742, 1574, 2026, 2344
1077, 577, 685, 809, 2425, 2529, 2530
1078, 578, 686, 810, 2427, 2531, 2532
1079, 691, 511, 727, 2355, 2397, 2533
1080, 692, 512, 728, 2356, 2398, 2534
1081, 455, 591, 737, 1874, 1311, 2185
1082, 456, 592, 738, 1876, 1314, 2186
1083, 699, 339, 837, 2249, 2535, 1529
1084, 700, 340, 838, 2250, 2536, 1527
1085, 569, 813, 873, 2537, 1269, 1933
1086, 570, 814, 874, 2538, 1272, 1935
1087, 669, 318, 833, 2539, 2540, 2541
1088, 670, 317, 834, 2542, 2543, 2544
1089, 198, 199, 847, 202, 2479, 2525
1090, 212, 213, 848, 216, 2480, 2527
1091, 461, 563, 757, 1601, 2545, 2546
1092, 462, 564, 758, 1604, 2547, 2548
1093, 354, 637, 857, 2137, 2549, 2550
1094, 368, 638, 858, 2140, 2551, 2552
1095, 313, 374, 735, 1468, 2553, 1121
1096, 314, 385, 736, 1470, 2554, 1118
1097, 525, 379, 777, 2133, 2555, 2489
1098, 526, 390, 778, 2135, 2556, 2491
1099, 739, 548, 867, 2557, 2390, 2558
1100, 740, 552, 868, 2559, 2392, 2560
1101, 9, 632, 715, 2445, 2434, 2561
1102, 22, 631, 716, 2446, 2436, 2562
1103, 629, 13, 713, 2447, 1025, 2429
1104, 630, 18, 714, 2448, 1026, 2431
1105, 685, 443, 809, 2111, 2563, 2529
1106, 686, 444, 810, 2112, 2564, 2531
1107, 569, 595, 813, 1378, 1566, 2537
1108, 570, 596, 814, 1380, 1568, 2538
1109, 616, 615, 753, 1409, 2565, 1230
1110, 618, 617, 754, 1411, 2566, 1233
1111, 785, 331, 839, 2567, 2568, 2151
1112, 786, 332, 840, 2569, 2570, 2148
1113, 607, 547, 803, 2118, 2571, 1701
1114, 608, 551, 804, 2121, 2572, 1703
1115, 647, 373, 759, 1504, 2373, 1995
1116, 649, 384, 760, 1507, 2374, 1996
1117, 696, 747, 782, 2510, 2573, 2574
1118, 695, 748, 781, 2512, 2575, 2576
1119, 509, 691, 753, 2330, 1231, 2577
1120, 510, 692, 754, 2332, 1234, 2578
1121, 374, 381, 735, 2246, 1803, 2553
1122, 385, 392, 736, 2248, 1804, 2554
1123, 599, 788, 854, 1318, 2320, 2579
1124, 597, 787, 853, 1316, 2322, 2580
1125, 546, 442, 870, 2228, 2581, 2517
1126, 545, 441, 869, 2231, 2582, 2519
1127, 628, 449, 865, 1791, 2583, 2584
1128, 626, 450, 866, 1794, 2585, 2586
1129, 682, 681, 743, 1883, 2406, 1294
1130, 684, 683, 744, 1884, 2408, 1297
1131, 403, 640, 869, 1578, 2520, 2587
1132, 408, 639, 870, 1576, 2518, 2588
1133, 581, 669, 833, 1870, 2541, 2589
1134, 582, 670, 834, 1868, 2544, 2590
1135, 623, 331, 785, 1452, 2567, 2483
1136, 624, 332, 786, 1455, 2569, 2484
1137, 586, 585, 781, 1363, 2591, 2592
1138, 588, 587, 782, 1365, 2593, 2594
1139, 409, 408, 870, 2179, 2588, 2595
1140, 404, 403, 869, 2180, 2587, 2596
1141, 633, 586, 815, 1561, 2597, 1403
1142, 634, 588, 816, 1563, 2598, 1401
1143, 5, 197, 783, 200, 1765, 2379
1144, 6, 211, 784, 214, 1763, 2381
1145, 339, 641, 749, 1629, 2599, 2600
1146, 340, 642, 750, 1632, 2601, 2602
1147, 583, 469, 765, 1189, 2270, 2603
1148, 584, 470, 766, 1191, 2272, 2604
1149, 691, 727, 835, 2533, 2605, 1249
1150, 692, 728, 836, 2534, 2606, 1251
1151, 465, 605, 747, 2005, 2607, 2509
1152, 466, 606, 748, 2006, 2608, 2511
1153, 541, 666, 837, 913, 1530, 2609
1154, 543, 664, 838, 916, 1528, 2610
1155, 519, 689, 791, 2255, 2016, 2611
1156, 520, 690, 792, 2257, 2018, 2612
1157, 643, 453, 761, 1618, 2205, 2093
1158, 645, 454, 762, 1621, 2206, 2094
1159, 305, 655, 805, 1439, 1448, 1734
1160, 306, 659, 806, 1442, 1450, 1737
1161, 332, 712, 840, 1652, 2613, 2570
1162, 331, 711, 839, 1650, 2614, 2568
1163, 463, 577, 755, 1835, 2615, 1126
1164, 464, 578, 756, 1838, 2616, 1129
1165, 534, 533, 745, 2218, 2617, 2618
1166, 536, 535, 746, 2221, 2619, 2620
1167, 619, 575, 819, 1585, 2339, 2369
1168, 620, 576, 820, 1587, 2342, 2371
1169, 656, 667, 777, 1633, 2490, 1915
1170, 660, 668, 778, 1634, 2492, 1917
1171, 527, 541, 749, 2276, 2621, 2622
1172, 528, 543, 750, 2278, 2623, 2624
1173, 605, 682, 816, 1400, 1402, 2625
1174, 606, 684, 815, 1398, 1404, 2626
1175, 9, 715, 851, 2561, 1824, 2485
1176, 22, 716, 852, 2562, 1822, 2487
1177, 337, 635, 797, 1524, 2627, 1613
1178, 338, 636, 798, 1526, 2628, 1615
1179, 610, 488, 783, 1706, 2380, 2629
1180, 609, 491, 784, 1709, 2382, 2630
1181, 501, 696, 782, 2280, 2574, 2631
1182, 502, 695, 781, 2282, 2576, 2632
1183, 529, 679, 757, 1912, 2633, 2634
1184, 530, 680, 758, 1914, 2635, 2636
1185, 461, 757, 775, 2546, 2637, 2473
1186, 462, 758, 776, 2548, 2638, 2474
1187, 396, 493, 751, 2223, 2471, 2459
1188, 401, 495, 752, 2224, 2472, 2461
1189, 240, 241, 763, 243, 2639, 2395
1190, 290, 291, 764, 293, 2640, 2396
1191, 405, 407, 770, 1940, 1349, 2641
1192, 410, 412, 769, 1942, 1352, 2642
1193, 743, 581, 833, 2405, 2589, 2643
1194, 744, 582, 834, 2407, 2590, 2644
1195, 661, 575, 791, 2337, 2645, 1358
1196, 662, 576, 792, 2340, 2646, 1361
1197, 633, 481, 847, 1489, 2526, 2455
1198, 634, 482, 848, 1491, 2528, 2453
1199, 745, 479, 841, 2259, 2647, 2648
1200, 746, 480, 842, 2261, 2649, 2650
1201, 615, 725, 753, 2334, 2651, 2565
1202, 617, 726, 754, 2336, 2652, 2566
1203, 37, 38, 787, 66, 2296, 2495
1204, 123, 124, 788, 152, 2298, 2496
1205, 25, 699, 817, 1992, 2653, 2439
1206, 111, 700, 818, 1994, 2654, 2441
1207, 563, 637, 831, 1109, 2139, 2655
1208, 564, 638, 832, 1107, 2142, 2656
1209, 622, 527, 793, 1751, 2657, 1219
1210, 621, 528, 794, 1748, 2658, 1216
1211, 504, 671, 872, 1099, 2659, 2660
1212, 506, 672, 871, 1102, 2661, 2662
1213, 763, 241, 851, 2639, 2486, 2663
1214, 764, 291, 852, 2640, 2488, 2664
1215, 527, 749, 793, 2622, 2665, 2657
1216, 528, 750, 794, 2624, 2666, 2658
1217, 379, 463, 777, 2045, 1916, 2555
1218, 390, 464, 778, 2046, 1918, 2556
1219, 85, 86, 799, 100, 2305, 2299
1220, 171, 172, 800, 186, 2306, 2301
1221, 745, 533, 797, 2617, 2667, 2668
1222, 746, 535, 798, 2619, 2669, 2670
1223, 679, 579, 775, 2073, 1281, 2671
1224, 680, 580, 776, 2074, 1282, 2672
1225, 478, 500, 789, 2108, 2419, 1419
1226, 475, 499, 790, 2110, 2420, 1421
1227, 410, 769, 827, 2642, 1224, 2673
1228, 405, 770, 828, 2641, 1222, 2674
1229, 757, 679, 775, 2633, 2671, 2637
1230, 758, 680, 776, 2635, 2672, 2638
1231, 635, 745, 797, 2260, 2668, 2627
1232, 636, 746, 798, 2262, 2670, 2628
1233, 479, 705, 841, 2675, 2676, 2647
1234, 480, 706, 842, 2677, 2678, 2649
1235, 725, 509, 753, 2423, 2577, 2651
1236, 726, 510, 754, 2424, 2578, 2652
1237, 317, 670, 845, 2542, 2308, 1542
1238, 318, 669, 846, 2539, 2310, 1545
1239, 485, 708, 773, 1070, 2162, 2351
1240, 486, 707, 774, 1068, 2161, 2353
1241, 479, 52, 811, 1677, 2360, 2679
1242, 480, 138, 812, 1678, 2362, 2680
1243, 705, 651, 841, 2243, 2504, 2676
1244, 706, 652, 842, 2244, 2506, 2678
1245, 747, 588, 782, 2681, 2594, 2573
1246, 748, 586, 781, 2682, 2592, 2575
1247, 575, 519, 791, 1475, 2611, 2645
1248, 576, 520, 792, 1477, 2612, 2646
1249, 533, 661, 797, 1977, 1614, 2667
1250, 535, 662, 798, 1980, 1616, 2669
1251, 774, 673, 863, 1424, 2683, 2684
1252, 773, 674, 864, 1427, 2685, 2686
1253, 700, 663, 818, 1392, 2687, 2654
1254, 699, 665, 817, 1395, 2688, 2653
1255, 443, 559, 809, 2129, 2416, 2563
1256, 444, 560, 810, 2132, 2418, 2564
1257, 437, 502, 850, 1928, 2689, 2466
1258, 438, 501, 849, 1925, 2690, 2469
1259, 719, 517, 767, 1959, 1289, 1859
1260, 720, 518, 768, 1961, 1292, 1860
1261, 671, 372, 872, 882, 2691, 2659
1262, 672, 383, 871, 884, 2692, 2661
1263, 729, 583, 765, 1152, 2603, 1164
1264, 730, 584, 766, 1155, 2604, 1166
1265, 231, 307, 861, 1744, 2693, 2694
1266, 301, 308, 862, 1746, 2695, 2696
1267, 318, 482, 833, 1639, 2697, 2540
1268, 317, 481, 834, 1642, 2698, 2543
1269, 749, 641, 793, 2599, 2493, 2665
1270, 750, 642, 794, 2601, 2494, 2666
1271, 82, 705, 811, 2060, 2699, 2367
1272, 168, 706, 812, 2062, 2700, 2368
1273, 547, 549, 803, 2267, 2701, 2571
1274, 551, 553, 804, 2268, 2702, 2572
1275, 353, 507, 813, 1987, 1274, 1565
1276, 367, 508, 814, 1990, 1276, 1567
1277, 603, 550, 807, 2195, 1112, 1807
1278, 604, 554, 808, 2196, 1114, 1809
1279, 663, 95, 818, 1817, 2452, 2687
1280, 665, 181, 817, 1818, 2451, 2688
1281, 577, 380, 843, 1834, 2347, 2426
1282, 578, 391, 844, 1837, 2348, 2428
1283, 450, 369, 866, 1881, 2703, 2585
1284, 449, 355, 865, 1878, 2704, 2583
1285, 559, 589, 805, 2173, 2145, 1447
1286, 560, 590, 806, 2174, 2146, 1449
1287, 628, 503, 823, 1851, 2464, 2051
1288, 626, 505, 821, 1853, 2463, 2052
1289, 382, 231, 861, 1969, 2694, 2253
1290, 371, 301, 862, 1970, 2696, 2251
1291, 328, 410, 827, 1965, 2673, 2523
1292, 327, 405, 828, 1968, 2674, 2521
1293, 571, 343, 825, 1919, 2481, 958
1294, 572, 357, 826, 1921, 2482, 961
1295, 501, 782, 849, 2631, 2705, 2690
1296, 502, 781, 850, 2632, 2706, 2689
1297, 673, 397, 873, 1812, 2387, 1268
1298, 674, 402, 874, 1814, 2388, 1271
1299, 637, 627, 857, 1897, 2707, 2549
1300, 638, 625, 858, 1898, 2708, 2551
1301, 549, 723, 803, 1498, 2709, 2701
1302, 553, 724, 804, 1500, 2710, 2702
1303, 483, 435, 819, 2211, 2370, 2437
1304, 484, 436, 820, 2213, 2372, 2438
1305, 550, 548, 855, 2068, 2711, 2712
1306, 554, 552, 856, 2071, 2713, 2714
1307, 673, 507, 863, 1273, 2715, 2683
1308, 674, 508, 864, 1275, 2716, 2685
1309, 747, 605, 816, 2607, 2625, 2717
1310, 748, 606, 815, 2608, 2626, 2718
1311, 369, 368, 858, 1731, 2552, 2719
1312, 355, 354, 857, 1729, 2550, 2720
1313, 482, 743, 833, 1492, 2643, 2697
1314, 481, 744, 834, 1490, 2644, 2698
1315, 712, 566, 840, 1265, 2721, 2613
1316, 711, 565, 839, 1262, 2722, 2614
1317, 723, 333, 803, 2357, 1702, 2709
1318, 724, 334, 804, 2358, 1704, 2710
1319, 799, 616, 835, 2175, 1250, 2499
1320, 800, 618, 836, 2177, 1252, 2501
1321, 555, 741, 802, 2208, 2507, 1386
1322, 556, 742, 801, 2210, 2508, 1389
1323, 308, 504, 872, 1826, 2660, 2723
1324, 307, 506, 871, 1828, 2662, 2724
1325, 625, 626, 866, 1854, 2586, 2725
1326, 627, 628, 865, 1852, 2584, 2726
1327, 705, 479, 811, 2675, 2679, 2699
1328, 706, 480, 812, 2677, 2680, 2700
1329, 612, 763, 851, 1284, 2663, 1459
1330, 614, 764, 852, 1286, 2664, 1457
1331, 600, 599, 854, 1909, 2579, 2515
1332, 598, 597, 853, 1906, 2580, 2513
1333, 508, 437, 859, 1989, 2476, 2727
1334, 507, 438, 860, 1986, 2478, 2728
1335, 781, 585, 850, 2591, 2729, 2706
1336, 782, 587, 849, 2593, 2730, 2705
1337, 441, 404, 869, 2233, 2596, 2582
1338, 442, 409, 870, 2234, 2595, 2581
1339, 566, 698, 840, 2378, 2149, 2721
1340, 565, 697, 839, 2376, 2152, 2722
1341, 693, 550, 855, 1111, 2712, 2399
1342, 694, 554, 856, 1113, 2714, 2401
1343, 494, 731, 867, 2384, 2731, 2389
1344, 496, 732, 868, 2386, 2732, 2391
1345, 755, 577, 809, 2615, 2530, 2415
1346, 756, 578, 810, 2616, 2532, 2417
1347, 727, 321, 835, 1246, 2500, 2605
1348, 728, 322, 836, 1248, 2502, 2606
1349, 749, 541, 837, 2621, 2609, 2733
1350, 750, 543, 838, 2623, 2610, 2734
1351, 731, 573, 867, 1012, 2735, 2731
1352, 732, 574, 868, 1015, 2736, 2732
1353, 586, 748, 815, 2682, 2718, 2597
1354, 588, 747, 816, 2681, 2717, 2598
1355, 573, 739, 867, 1258, 2558, 2735
1356, 574, 740, 868, 1260, 2560, 2736
1357, 858, 625, 866, 2708, 2725, 2737
1358, 857, 627, 865, 2707, 2726, 2738
1359, 355, 857, 865, 2720, 2738, 2704
1360, 369, 858, 866, 2719, 2737, 2703
1361, 757, 563, 831, 2545, 2655, 2739
1362, 758, 564, 832, 2547, 2656, 2740
1363, 529, 757, 831, 2634, 2739, 2497
1364, 530, 758, 832, 2636, 2740, 2498
1365, 609, 784, 846, 2630, 1764, 2309
1366, 610, 783, 845, 2629, 1766, 2307
1367, 534, 745, 841, 2618, 2648, 2503
1368, 536, 746, 842, 2620, 2650, 2505
1369, 548, 739, 855, 2557, 2443, 2711
1370, 552, 740, 856, 2559, 2444, 2713
1371, 771, 593, 859, 2327, 2741, 2475
1372, 772, 594, 860, 2328, 2742, 2477
1373, 861, 307, 871, 2693, 2724, 2743
1374, 862, 308, 872, 2695, 2723, 2744
1375, 339, 749, 837, 2600, 2733, 2535
1376, 340, 750, 838, 2602, 2734, 2536
1377, 372, 862, 872, 2252, 2744, 2691
1378, 383, 861, 871, 2254, 2743, 2692
1379, 593, 773, 864, 2352, 2686, 2745
1380, 594, 774, 863, 2354, 2684, 2746
1381, 329, 807, 853, 1808, 2514, 2321
1382, 330, 808, 854, 1810, 2516, 2319
1383, 585, 771, 850, 2324, 2467, 2729
1384, 587, 772, 849, 2326, 2470, 2730
1385, 507, 860, 863, 2728, 2747, 2715
1386, 508, 859, 864, 2727, 2748, 2716
1387, 859, 593, 864, 2741, 2745, 2748
1388, 860, 594, 863, 2742, 2746, 2747