1, -1, -0.5, 0
2, 1, -0.5, 0
3, 1, 0.5, 0
4, -1, 0.5, 0
5, -0.89473684210556, -0.5, 0
6, -0.78947368421111, -0.5, 0
7, -0.68421052631667, -0.5, 0
8, -0.57894736842222, -0.5, 0
9, -0.47368421052778, -0.5, 0
10, -0.36842105263333, -0.5, 0
11, -0.26315789473889, -0.5, 0
12, -0.15789473684444, -0.5, 0
13, -0.052631578949994, -0.5, 0
14, 0.052631578944743, -0.5, 0
15, 0.15789473683977, -0.5, 0
16, 0.2631578947348, -0.5, 0
17, 0.36842105262983, -0.5, 0
18, 0.47368421052486, -0.5, 0
19, 0.57894736841989, -0.5, 0
20, 0.68421052631491, -0.5, 0
21, 0.78947368420994, -0.5, 0
22, 0.89473684210497, -0.5, 0
23, -0.94736842105278, -0.5, 0
24, -0.84210526315834, -0.5, 0
25, -0.73684210526384, -0.5, 0
26, -0.63157894736944, -0.5, 0
27, -0.526315789475, -0.5, 0
28, -0.42105263158055, -0.5, 0
29, -0.31578947368611, -0.5, 0
30, -0.21052631579166, -0.5, 0
31, -0.10526315789722, -0.5, 0
32, -2.7718938255816e-12, -0.5, 0
33, 0.10526315789226, -0.5, 0
34, 0.21052631578729, -0.5, 0
35, 0.31578947368231, -0.5, 0
36, 0.42105263157734, -0.5, 0
37, 0.52631578947237, -0.5, 0
38, 0.6315789473674, -0.5, 0
39, 0.73684210526243, -0.5, 0
40, 0.84210526315746, -0.5, 0
41, 0.94736842105249, -0.5, 0
42, 1, -0.3888888888892, 0
43, 1, -0.27777777777839, 0
44, 1, -0.16666666666759, 0
45, 1, -0.055555555556788, 0
46, 1, 0.055555555554324, 0
47, 1, 0.16666666666574, 0
48, 1, 0.27777777777716, 0
49, 1, 0.38888888888858, 0
50, 1, -0.44444444444457, 0
51, 1, -0.33333333333379, 0
52, 1, -0.22222222222299, 0
53, 1, -0.11111111111219, 0
54, 1, -1.3861689573957e-12, 0
55, 1, 0.11111111111003, 0
56, 1, 0.22222222222145, 0
57, 1, 0.33333333333287, 0
58, 1, 0.44444444444429, 0
59, 0.89473684210556, 0.5, 0
60, 0.78947368421111, 0.5, 0
61, 0.68421052631667, 0.5, 0
62, 0.57894736842222, 0.5, 0
63, 0.47368421052778, 0.5, 0
64, 0.36842105263333, 0.5, 0
65, 0.26315789473889, 0.5, 0
66, 0.15789473684444, 0.5, 0
67, 0.052631578949994, 0.5, 0
68, -0.052631578944743, 0.5, 0
69, -0.15789473683977, 0.5, 0
70, -0.2631578947348, 0.5, 0
71, -0.36842105262983, 0.5, 0
72, -0.47368421052486, 0.5, 0
73, -0.57894736841989, 0.5, 0
74, -0.68421052631491, 0.5, 0
75, -0.78947368420994, 0.5, 0
76, -0.89473684210497, 0.5, 0
77, 0.94736842105278, 0.5, 0
78, 0.84210526315834, 0.5, 0
79, 0.73684210526384, 0.5, 0
80, 0.63157894736944, 0.5, 0
81, 0.526315789475, 0.5, 0
82, 0.42105263158055, 0.5, 0
83, 0.31578947368611, 0.5, 0
84, 0.21052631579166, 0.5, 0
85, 0.10526315789722, 0.5, 0
86, 2.7718938255816e-12, 0.5, 0
87, -0.10526315789226, 0.5, 0
88, -0.21052631578729, 0.5, 0
89, -0.31578947368231, 0.5, 0
90, -0.42105263157734, 0.5, 0
91, -0.52631578947237, 0.5, 0
92, -0.6315789473674, 0.5, 0
93, -0.73684210526243, 0.5, 0
94, -0.84210526315746, 0.5, 0
95, -0.94736842105249, 0.5, 0
96, -1, 0.3888888888892, 0
97, -1, 0.27777777777839, 0
98, -1, 0.16666666666759, 0
99, -1, 0.055555555556788, 0
100, -1, -0.055555555554324, 0
101, -1, -0.16666666666574, 0
102, -1, -0.27777777777716, 0
103, -1, -0.38888888888858, 0
104, -1, 0.44444444444457, 0
105, -1, 0.33333333333379, 0
106, -1, 0.22222222222299, 0
107, -1, 0.11111111111219, 0
108, -1, 1.3861689573957e-12, 0
109, -1, -0.11111111111003, 0
110, -1, -0.22222222222145, 0
111, -1, -0.33333333333287, 0
112, -1, -0.44444444444429, 0
113, -0.89473684210549, -0.38888888888861, 0
114, -0.89473684210543, -0.27777777777723, 0
115, -0.89473684210536, -0.16666666666584, 0
116, -0.8947368421053, -0.055555555554453, 0
117, -0.89473684210523, 0.055555555556658, 0
118, -0.89473684210517, 0.16666666666749, 0
119, -0.8947368421051, 0.27777777777833, 0
120, -0.89473684210504, 0.38888888888916, 0
121, -0.78947368421098, -0.38888888888865, 0
122, -0.78947368421085, -0.27777777777729, 0
123, -0.78947368421072, -0.16666666666594, 0
124, -0.78947368421059, -0.055555555554583, 0
125, -0.78947368421046, 0.055555555556528, 0
126, -0.78947368421033, 0.1666666666674, 0
127, -0.7894736842102, 0.27777777777826, 0
128, -0.78947368421007, 0.38888888888913, 0
129, -0.68421052631647, -0.38888888888868, 0
130, -0.68421052631628, -0.27777777777736, 0
131, -0.68421052631608, -0.16666666666603, 0
132, -0.68421052631589, -0.055555555554713, 0
133, -0.68421052631569, 0.055555555556399, 0
134, -0.6842105263155, 0.1666666666673, 0
135, -0.6842105263153, 0.2777777777782, 0
136, -0.68421052631511, 0.3888888888891, 0
137, -0.57894736842196, -0.38888888888871, 0
138, -0.5789473684217, -0.27777777777742, 0
139, -0.57894736842144, -0.16666666666613, 0
140, -0.57894736842118, -0.055555555554842, 0
141, -0.57894736842092, 0.055555555556269, 0
142, -0.57894736842066, 0.1666666666672, 0
143, -0.5789473684204, 0.27777777777813, 0
144, -0.57894736842014, 0.38888888888907, 0
145, -0.47368421052745, -0.38888888888874, 0
146, -0.47368421052713, -0.27777777777749, 0
147, -0.4736842105268, -0.16666666666623, 0
148, -0.47368421052648, -0.055555555554972, 0
149, -0.47368421052615, 0.055555555556139, 0
150, -0.47368421052583, 0.1666666666671, 0
151, -0.47368421052551, 0.27777777777807, 0
152, -0.47368421052518, 0.38888888888903, 0
153, -0.36842105263294, -0.38888888888878, 0
154, -0.36842105263255, -0.27777777777755, 0
155, -0.36842105263216, -0.16666666666633, 0
156, -0.36842105263177, -0.055555555555102, 0
157, -0.36842105263138, 0.05555555555601, 0
158, -0.368421052631, 0.16666666666701, 0
159, -0.36842105263061, 0.277777777778, 0
160, -0.36842105263022, 0.388888888889, 0
161, -0.26315789473843, -0.38888888888881, 0
162, -0.26315789473798, -0.27777777777762, 0
163, -0.26315789473752, -0.16666666666642, 0
164, -0.26315789473707, -0.055555555555231, 0
165, -0.26315789473662, 0.05555555555588, 0
166, -0.26315789473616, 0.16666666666691, 0
167, -0.26315789473571, 0.27777777777794, 0
168, -0.26315789473525, 0.38888888888897, 0
169, -0.15789473684392, -0.38888888888884, 0
170, -0.1578947368434, -0.27777777777768, 0
171, -0.15789473684288, -0.16666666666652, 0
172, -0.15789473684236, -0.055555555555361, 0
173, -0.15789473684185, 0.05555555555575, 0
174, -0.15789473684133, 0.16666666666681, 0
175, -0.15789473684081, 0.27777777777788, 0
176, -0.15789473684029, 0.38888888888894, 0
177, -0.052631578949411, -0.38888888888887, 0
178, -0.052631578948827, -0.27777777777775, 0
179, -0.052631578948244, -0.16666666666662, 0
180, -0.05263157894766, -0.055555555555491, 0
181, -0.052631578947077, 0.055555555555621, 0
182, -0.052631578946493, 0.16666666666672, 0
183, -0.05263157894591, 0.27777777777781, 0
184, -0.052631578945326, 0.38888888888891, 0
185, 0.052631578945326, -0.3888888888889, 0
186, 0.05263157894591, -0.27777777777781, 0
187, 0.052631578946493, -0.16666666666672, 0
188, 0.052631578947077, -0.05555555555562, 0
189, 0.05263157894766, 0.055555555555491, 0
190, 0.052631578948244, 0.16666666666662, 0
191, 0.052631578948827, 0.27777777777775, 0
192, 0.052631578949411, 0.38888888888887, 0
193, 0.15789473684029, -0.38888888888894, 0
194, 0.15789473684081, -0.27777777777788, 0
195, 0.15789473684133, -0.16666666666681, 0
196, 0.15789473684185, -0.05555555555575, 0
197, 0.15789473684236, 0.055555555555361, 0
198, 0.15789473684288, 0.16666666666652, 0
199, 0.1578947368434, 0.27777777777768, 0
200, 0.15789473684392, 0.38888888888884, 0
201, 0.26315789473525, -0.38888888888897, 0
202, 0.26315789473571, -0.27777777777794, 0
203, 0.26315789473616, -0.16666666666691, 0
204, 0.26315789473662, -0.05555555555588, 0
205, 0.26315789473707, 0.055555555555231, 0
206, 0.26315789473752, 0.16666666666642, 0
207, 0.26315789473798, 0.27777777777762, 0
208, 0.26315789473843, 0.38888888888881, 0
209, 0.36842105263022, -0.388888888889, 0
210, 0.36842105263061, -0.277777777778, 0
211, 0.368421052631, -0.16666666666701, 0
212, 0.36842105263138, -0.05555555555601, 0
213, 0.36842105263177, 0.055555555555102, 0
214, 0.36842105263216, 0.16666666666633, 0
215, 0.36842105263255, 0.27777777777755, 0
216, 0.36842105263294, 0.38888888888878, 0
217, 0.47368421052518, -0.38888888888903, 0
218, 0.47368421052551, -0.27777777777807, 0
219, 0.47368421052583, -0.1666666666671, 0
220, 0.47368421052615, -0.055555555556139, 0
221, 0.47368421052648, 0.055555555554972, 0
222, 0.4736842105268, 0.16666666666623, 0
223, 0.47368421052713, 0.27777777777749, 0
224, 0.47368421052745, 0.38888888888874, 0
225, 0.57894736842014, -0.38888888888907, 0
226, 0.5789473684204, -0.27777777777813, 0
227, 0.57894736842066, -0.1666666666672, 0
228, 0.57894736842092, -0.055555555556269, 0
229, 0.57894736842118, 0.055555555554842, 0
230, 0.57894736842144, 0.16666666666613, 0
231, 0.5789473684217, 0.27777777777742, 0
232, 0.57894736842196, 0.38888888888871, 0
233, 0.68421052631511, -0.3888888888891, 0
234, 0.6842105263153, -0.2777777777782, 0
235, 0.6842105263155, -0.1666666666673, 0
236, 0.68421052631569, -0.055555555556399, 0
237, 0.68421052631589, 0.055555555554713, 0
238, 0.68421052631608, 0.16666666666603, 0
239, 0.68421052631628, 0.27777777777736, 0
240, 0.68421052631647, 0.38888888888868, 0
241, 0.78947368421007, -0.38888888888913, 0
242, 0.7894736842102, -0.27777777777826, 0
243, 0.78947368421033, -0.1666666666674, 0
244, 0.78947368421046, -0.055555555556528, 0
245, 0.78947368421059, 0.055555555554583, 0
246, 0.78947368421072, 0.16666666666594, 0
247, 0.78947368421085, 0.27777777777729, 0
248, 0.78947368421098, 0.38888888888865, 0
249, 0.89473684210504, -0.38888888888916, 0
250, 0.8947368421051, -0.27777777777833, 0
251, 0.89473684210517, -0.16666666666749, 0
252, 0.89473684210523, -0.055555555556658, 0
253, 0.8947368421053, 0.055555555554453, 0
254, 0.89473684210536, 0.16666666666584, 0
255, 0.89473684210543, 0.27777777777723, 0
256, 0.89473684210549, 0.38888888888861, 0
257, -0.94736842105278, -0.44444444444429, 0
258, -0.89473684210552, -0.44444444444431, 0
259, -0.94736842105275, -0.3888888888886, 0
260, -0.89473684210546, -0.33333333333292, 0
261, -0.94736842105271, -0.3333333333329, 0
262, -0.94736842105271, -0.27777777777719, 0
263, -0.94736842105271, -0.22222222222148, 0
264, -0.89473684210539, -0.22222222222153, 0
265, -0.94736842105268, -0.16666666666579, 0
266, -0.89473684210533, -0.11111111111015, 0
267, -0.94736842105265, -0.1111111111101, 0
268, -0.94736842105265, -0.055555555554388, 0
269, -0.94736842105265, 1.1671635880006e-12, 0
270, -0.89473684210526, 1.1023126855747e-12, 0
271, -0.94736842105262, 0.055555555556723, 0
272, -0.8947368421052, 0.11111111111208, 0
273, -0.94736842105258, 0.11111111111214, 0
274, -0.94736842105258, 0.16666666666754, 0
275, -0.94736842105258, 0.22222222222294, 0
276, -0.89473684210513, 0.22222222222291, 0
277, -0.94736842105255, 0.27777777777836, 0
278, -0.89473684210507, 0.33333333333375, 0
279, -0.94736842105252, 0.33333333333378, 0
280, -0.94736842105252, 0.38888888888918, 0
281, -0.94736842105252, 0.44444444444458, 0
282, -0.894736842105, 0.44444444444458, 0
283, -0.78947368421105, -0.44444444444432, 0
284, -0.84210526315827, -0.44444444444432, 0
285, -0.84210526315824, -0.38888888888863, 0
286, -0.8421052631582, -0.33333333333294, 0
287, -0.78947368421092, -0.33333333333297, 0
288, -0.84210526315814, -0.27777777777726, 0
289, -0.78947368421079, -0.22222222222161, 0
290, -0.84210526315807, -0.22222222222158, 0
291, -0.84210526315804, -0.16666666666589, 0
292, -0.84210526315801, -0.1111111111102, 0
293, -0.78947368421066, -0.11111111111026, 0
294, -0.84210526315794, -0.055555555554518, 0
295, -0.78947368421053, 9.7262475851068e-13, 0
296, -0.84210526315788, 1.0374756609366e-12, 0
297, -0.84210526315785, 0.055555555556593, 0
298, -0.84210526315781, 0.11111111111201, 0
299, -0.7894736842104, 0.11111111111196, 0
300, -0.84210526315775, 0.16666666666745, 0
301, -0.78947368421027, 0.22222222222283, 0
302, -0.84210526315768, 0.22222222222288, 0
303, -0.84210526315765, 0.2777777777783, 0
304, -0.84210526315762, 0.33333333333371, 0
305, -0.78947368421014, 0.3333333333337, 0
306, -0.84210526315755, 0.38888888888915, 0
307, -0.78947368421001, 0.44444444444457, 0
308, -0.84210526315749, 0.44444444444458, 0
309, -0.73684210526382, -0.44444444444432, 0
310, -0.68421052631657, -0.44444444444434, 0
311, -0.73684210526373, -0.38888888888866, 0
312, -0.68421052631637, -0.33333333333302, 0
313, -0.73684210526363, -0.333333333333, 0
314, -0.73684210526356, -0.27777777777732, 0
315, -0.7368421052635, -0.22222222222165, 0
316, -0.68421052631618, -0.2222222222217, 0
317, -0.7368421052634, -0.16666666666599, 0
318, -0.68421052631598, -0.11111111111037, 0
319, -0.7368421052633, -0.11111111111032, 0
320, -0.73684210526324, -0.055555555554648, 0
321, -0.73684210526317, 9.0775997829695e-13, 0
322, -0.68421052631579, 8.4293683144665e-13, 0
323, -0.73684210526308, 0.055555555556463, 0
324, -0.6842105263156, 0.11111111111185, 0
325, -0.73684210526298, 0.11111111111191, 0
326, -0.73684210526291, 0.16666666666735, 0
327, -0.73684210526285, 0.22222222222278, 0
328, -0.6842105263154, 0.22222222222275, 0
329, -0.73684210526275, 0.27777777777823, 0
330, -0.68421052631521, 0.33333333333365, 0
331, -0.73684210526266, 0.33333333333368, 0
332, -0.73684210526259, 0.38888888888912, 0
333, -0.73684210526253, 0.44444444444455, 0
334, -0.68421052631501, 0.44444444444455, 0
335, -0.57894736842209, -0.44444444444436, 0
336, -0.63157894736931, -0.44444444444436, 0
337, -0.63157894736922, -0.38888888888869, 0
338, -0.63157894736912, -0.33333333333303, 0
339, -0.57894736842183, -0.33333333333307, 0
340, -0.63157894736899, -0.27777777777739, 0
341, -0.57894736842157, -0.22222222222178, 0
342, -0.63157894736886, -0.22222222222174, 0
343, -0.63157894736876, -0.16666666666608, 0
344, -0.63157894736866, -0.11111111111042, 0
345, -0.57894736842131, -0.11111111111049, 0
346, -0.63157894736853, -0.055555555554778, 0
347, -0.57894736842105, 7.1326278217043e-13, 0
348, -0.63157894736841, 7.7808592902073e-13, 0
349, -0.63157894736831, 0.055555555556334, 0
350, -0.63157894736821, 0.11111111111178, 0
351, -0.57894736842079, 0.11111111111174, 0
352, -0.63157894736808, 0.16666666666725, 0
353, -0.57894736842053, 0.22222222222267, 0
354, -0.63157894736795, 0.22222222222272, 0
355, -0.63157894736785, 0.27777777777817, 0
356, -0.63157894736776, 0.33333333333362, 0
357, -0.57894736842027, 0.3333333333336, 0
358, -0.63157894736763, 0.38888888888908, 0
359, -0.57894736842002, 0.44444444444453, 0
360, -0.6315789473675, 0.44444444444455, 0
361, -0.52631578947487, -0.44444444444436, 0
362, -0.47368421052761, -0.44444444444437, 0
363, -0.52631578947471, -0.38888888888873, 0
364, -0.47368421052729, -0.33333333333311, 0
365, -0.52631578947454, -0.3333333333331, 0
366, -0.52631578947441, -0.27777777777745, 0
367, -0.52631578947428, -0.22222222222181, 0
368, -0.47368421052696, -0.22222222222186, 0
369, -0.52631578947412, -0.16666666666618, 0
370, -0.47368421052664, -0.1111111111106, 0
371, -0.52631578947396, -0.11111111111055, 0
372, -0.52631578947383, -0.055555555554907, 0
373, -0.5263157894737, 6.4841187974451e-13, 0
374, -0.47368421052632, 5.8354709953079e-13, 0
375, -0.52631578947354, 0.055555555556204, 0
376, -0.47368421052599, 0.11111111111162, 0
377, -0.52631578947338, 0.11111111111169, 0
378, -0.52631578947325, 0.16666666666715, 0
379, -0.52631578947312, 0.22222222222262, 0
380, -0.47368421052567, 0.22222222222259, 0
381, -0.52631578947295, 0.2777777777781, 0
382, -0.47368421052534, 0.33333333333355, 0
383, -0.52631578947279, 0.33333333333358, 0
384, -0.52631578947266, 0.38888888888905, 0
385, -0.52631578947253, 0.44444444444452, 0
386, -0.47368421052502, 0.44444444444452, 0
387, -0.36842105263314, -0.44444444444439, 0
388, -0.42105263158036, -0.44444444444439, 0
389, -0.4210526315802, -0.38888888888876, 0
390, -0.42105263158003, -0.33333333333313, 0
391, -0.36842105263275, -0.33333333333316, 0
392, -0.42105263157984, -0.27777777777752, 0
393, -0.36842105263236, -0.22222222222194, 0
394, -0.42105263157964, -0.22222222222191, 0
395, -0.42105263157948, -0.16666666666628, 0
396, -0.42105263157932, -0.11111111111065, 0
397, -0.36842105263197, -0.11111111111071, 0
398, -0.42105263157913, -0.055555555555037, 0
399, -0.36842105263158, 4.5387305025457e-13, 0
400, -0.42105263157893, 5.187378304683e-13, 0
401, -0.42105263157877, 0.055555555556074, 0
402, -0.42105263157861, 0.11111111111156, 0
403, -0.36842105263119, 0.11111111111151, 0
404, -0.42105263157841, 0.16666666666706, 0
405, -0.3684210526308, 0.22222222222251, 0
406, -0.42105263157822, 0.22222222222255, 0
407, -0.42105263157806, 0.27777777777804, 0
408, -0.42105263157789, 0.33333333333352, 0
409, -0.36842105263041, 0.3333333333335, 0
410, -0.4210526315777, 0.38888888888902, 0
411, -0.36842105263002, 0.4444444444445, 0
412, -0.4210526315775, 0.44444444444452, 0
413, -0.31578947368591, -0.44444444444439, 0
414, -0.26315789473866, -0.4444444444444, 0
415, -0.31578947368569, -0.38888888888879, 0
416, -0.2631578947382, -0.33333333333321, 0
417, -0.31578947368546, -0.3333333333332, 0
418, -0.31578947368526, -0.27777777777758, 0
419, -0.31578947368507, -0.22222222222197, 0
420, -0.26315789473775, -0.22222222222202, 0
421, -0.31578947368484, -0.16666666666637, 0
422, -0.2631578947373, -0.11111111111083, 0
423, -0.31578947368462, -0.11111111111078, 0
424, -0.31578947368442, -0.055555555555167, 0
425, -0.31578947368423, 3.8906378119208e-13, 0
426, -0.26315789473684, 3.2420593987226e-13, 0
427, -0.315789473684, 0.055555555555945, 0
428, -0.26315789473639, 0.11111111111139, 0
429, -0.31578947368377, 0.11111111111146, 0
430, -0.31578947368358, 0.16666666666696, 0
431, -0.31578947368338, 0.22222222222246, 0
432, -0.26315789473593, 0.22222222222242, 0
433, -0.31578947368316, 0.27777777777797, 0
434, -0.26315789473548, 0.33333333333345, 0
435, -0.31578947368293, 0.33333333333349, 0
436, -0.31578947368274, 0.38888888888899, 0
437, -0.31578947368254, 0.44444444444448, 0
438, -0.26315789473503, 0.44444444444448, 0
439, -0.15789473684418, -0.44444444444442, 0
440, -0.2105263157914, -0.44444444444442, 0
441, -0.21052631579118, -0.38888888888882, 0
442, -0.21052631579095, -0.33333333333323, 0
443, -0.15789473684366, -0.33333333333326, 0
444, -0.21052631579069, -0.27777777777765, 0
445, -0.15789473684314, -0.2222222222221, 0
446, -0.21052631579043, -0.22222222222207, 0
447, -0.2105263157902, -0.16666666666647, 0
448, -0.21052631578998, -0.11111111111088, 0
449, -0.15789473684262, -0.11111111111094, 0
450, -0.21052631578972, -0.055555555555296, 0
451, -0.15789473684211, 1.9453882948994e-13, 0
452, -0.21052631578946, 2.5937585412805e-13, 0
453, -0.21052631578923, 0.055555555555815, 0
454, -0.210526315789, 0.11111111111133, 0
455, -0.15789473684159, 0.11111111111128, 0
456, -0.21052631578874, 0.16666666666686, 0
457, -0.15789473684107, 0.22222222222234, 0
458, -0.21052631578849, 0.22222222222239, 0
459, -0.21052631578826, 0.27777777777791, 0
460, -0.21052631578803, 0.33333333333342, 0
461, -0.15789473684055, 0.33333333333341, 0
462, -0.21052631578777, 0.38888888888895, 0
463, -0.15789473684003, 0.44444444444447, 0
464, -0.21052631578751, 0.44444444444448, 0
465, -0.10526315789696, -0.44444444444442, 0
466, -0.052631578949703, -0.44444444444444, 0
467, -0.10526315789667, -0.38888888888886, 0
468, -0.052631578949119, -0.33333333333331, 0
469, -0.10526315789637, -0.33333333333329, 0
470, -0.10526315789611, -0.27777777777771, 0
471, -0.10526315789586, -0.22222222222213, 0
472, -0.052631578948536, -0.22222222222218, 0
473, -0.10526315789556, -0.16666666666657, 0
474, -0.052631578947952, -0.11111111111105, 0
475, -0.10526315789527, -0.11111111111101, 0
476, -0.10526315789501, -0.055555555555426, 0
477, -0.10526315789475, 1.2970874374574e-13, 0
478, -0.052631578947369, 6.4857841319821e-14, 0
479, -0.10526315789446, 0.055555555555685, 0
480, -0.052631578946785, 0.11111111111117, 0
481, -0.10526315789417, 0.11111111111123, 0
482, -0.10526315789391, 0.16666666666676, 0
483, -0.10526315789365, 0.2222222222223, 0
484, -0.052631578946201, 0.22222222222226, 0
485, -0.10526315789336, 0.27777777777784, 0
486, -0.052631578945618, 0.33333333333336, 0
487, -0.10526315789307, 0.33333333333339, 0
488, -0.10526315789281, 0.38888888888892, 0
489, -0.10526315789255, 0.44444444444445, 0
490, -0.052631578945034, 0.44444444444445, 0
491, 0.052631578945034, -0.44444444444445, 0
492, -2.3341120702902e-12, -0.44444444444445, 0
493, -2.0423593372065e-12, -0.38888888888889, 0
494, -1.7505649707594e-12, -0.33333333333333, 0
495, 0.052631578945618, -0.33333333333336, 0
496, -1.4588261154636e-12, -0.27777777777778, 0
497, 0.052631578946202, -0.22222222222226, 0
498, -1.1670525656982e-12, -0.22222222222223, 0
499, -8.7529983261447e-13, -0.16666666666667, 0
500, -5.835609773186e-13, -0.1111111111111, 0
501, 0.052631578946785, -0.11111111111117, 0
502, -2.917804886593e-13, -0.055555555555556, 0
503, 0.052631578947369, -6.4830085744205e-14, 0
504, 0, 2.0816681711722e-17, 0
505, 2.9176661087149e-13, 0.055555555555556, 0
506, 5.835609773186e-13, 0.1111111111111, 0
507, 0.052631578947952, 0.11111111111105, 0
508, 8.7529983261447e-13, 0.16666666666667, 0
509, 0.052631578948536, 0.22222222222218, 0
510, 1.1670386879103e-12, 0.22222222222223, 0
511, 1.4588330543575e-12, 0.27777777777778, 0
512, 1.7505441540777e-12, 0.33333333333333, 0
513, 0.052631578949119, 0.33333333333331, 0
514, 2.0423662761004e-12, 0.38888888888889, 0
515, 0.052631578949703, 0.44444444444444, 0
516, 2.3341051313963e-12, 0.44444444444445, 0
517, 0.10526315789255, -0.44444444444445, 0
518, 0.15789473684003, -0.44444444444447, 0
519, 0.10526315789281, -0.38888888888892, 0
520, 0.15789473684055, -0.33333333333341, 0
521, 0.10526315789307, -0.33333333333339, 0
522, 0.10526315789336, -0.27777777777784, 0
523, 0.10526315789365, -0.2222222222223, 0
524, 0.15789473684107, -0.22222222222234, 0
525, 0.10526315789391, -0.16666666666676, 0
526, 0.15789473684159, -0.11111111111128, 0
527, 0.10526315789417, -0.11111111111123, 0
528, 0.10526315789446, -0.055555555555685, 0
529, 0.10526315789475, -1.2968792706403e-13, 0
530, 0.15789473684211, -1.9453882948994e-13, 0
531, 0.10526315789501, 0.055555555555426, 0
532, 0.15789473684262, 0.11111111111094, 0
533, 0.10526315789527, 0.11111111111101, 0
534, 0.10526315789556, 0.16666666666657, 0
535, 0.10526315789586, 0.22222222222213, 0
536, 0.15789473684314, 0.2222222222221, 0
537, 0.10526315789611, 0.27777777777771, 0
538, 0.15789473684366, 0.33333333333326, 0
539, 0.10526315789637, 0.33333333333329, 0
540, 0.10526315789667, 0.38888888888886, 0
541, 0.10526315789696, 0.44444444444442, 0
542, 0.15789473684418, 0.44444444444442, 0
543, 0.26315789473503, -0.44444444444448, 0
544, 0.21052631578751, -0.44444444444448, 0
545, 0.21052631578777, -0.38888888888895, 0
546, 0.21052631578803, -0.33333333333342, 0
547, 0.26315789473548, -0.33333333333346, 0
548, 0.21052631578826, -0.27777777777791, 0
549, 0.26315789473593, -0.22222222222243, 0
550, 0.21052631578848, -0.22222222222239, 0
551, 0.21052631578874, -0.16666666666686, 0
552, 0.210526315789, -0.11111111111133, 0
553, 0.26315789473639, -0.11111111111139, 0
554, 0.21052631578923, -0.055555555555815, 0
555, 0.26315789473684, -3.2421981766007e-13, 0
556, 0.21052631578946, -2.5938279302196e-13, 0
557, 0.21052631578972, 0.055555555555296, 0
558, 0.21052631578998, 0.11111111111088, 0
559, 0.2631578947373, 0.11111111111083, 0
560, 0.2105263157902, 0.16666666666647, 0
561, 0.26315789473775, 0.22222222222202, 0
562, 0.21052631579043, 0.22222222222207, 0
563, 0.21052631579069, 0.27777777777765, 0
564, 0.21052631579095, 0.33333333333323, 0
565, 0.2631578947382, 0.33333333333321, 0
566, 0.21052631579118, 0.38888888888882, 0
567, 0.26315789473866, 0.4444444444444, 0
568, 0.2105263157914, 0.44444444444442, 0
569, 0.31578947368254, -0.44444444444448, 0
570, 0.36842105263002, -0.4444444444445, 0
571, 0.31578947368274, -0.38888888888899, 0
572, 0.36842105263041, -0.3333333333335, 0
573, 0.31578947368293, -0.33333333333349, 0
574, 0.31578947368316, -0.27777777777797, 0
575, 0.31578947368338, -0.22222222222246, 0
576, 0.3684210526308, -0.22222222222251, 0
577, 0.31578947368358, -0.16666666666696, 0
578, 0.36842105263119, -0.11111111111151, 0
579, 0.31578947368377, -0.11111111111146, 0
580, 0.315789473684, -0.055555555555945, 0
581, 0.31578947368423, -3.8906378119208e-13, 0
582, 0.36842105263158, -4.5389386693628e-13, 0
583, 0.31578947368442, 0.055555555555167, 0
584, 0.36842105263197, 0.11111111111071, 0
585, 0.31578947368462, 0.11111111111078, 0
586, 0.31578947368484, 0.16666666666637, 0
587, 0.31578947368507, 0.22222222222197, 0
588, 0.36842105263236, 0.22222222222194, 0
589, 0.31578947368526, 0.27777777777758, 0
590, 0.36842105263275, 0.33333333333316, 0
591, 0.31578947368546, 0.3333333333332, 0
592, 0.31578947368569, 0.38888888888879, 0
593, 0.31578947368591, 0.44444444444439, 0
594, 0.36842105263314, 0.44444444444439, 0
595, 0.47368421052502, -0.44444444444452, 0
596, 0.4210526315775, -0.44444444444452, 0
597, 0.4210526315777, -0.38888888888902, 0
598, 0.42105263157789, -0.33333333333352, 0
599, 0.47368421052534, -0.33333333333355, 0
600, 0.42105263157806, -0.27777777777804, 0
601, 0.47368421052567, -0.22222222222259, 0
602, 0.42105263157822, -0.22222222222255, 0
603, 0.42105263157841, -0.16666666666706, 0
604, 0.42105263157861, -0.11111111111156, 0
605, 0.47368421052599, -0.11111111111162, 0
606, 0.42105263157877, -0.055555555556074, 0
607, 0.47368421052632, -5.835679162125e-13, 0
608, 0.42105263157893, -5.187378304683e-13, 0
609, 0.42105263157913, 0.055555555555037, 0
610, 0.42105263157932, 0.11111111111065, 0
611, 0.47368421052664, 0.1111111111106, 0
612, 0.42105263157948, 0.16666666666628, 0
613, 0.47368421052696, 0.22222222222186, 0
614, 0.42105263157964, 0.22222222222191, 0
615, 0.42105263157984, 0.27777777777752, 0
616, 0.42105263158003, 0.33333333333313, 0
617, 0.47368421052729, 0.33333333333311, 0
618, 0.4210526315802, 0.38888888888876, 0
619, 0.47368421052761, 0.44444444444437, 0
620, 0.42105263158036, 0.44444444444439, 0
621, 0.52631578947253, -0.44444444444452, 0
622, 0.57894736842002, -0.44444444444453, 0
623, 0.52631578947266, -0.38888888888905, 0
624, 0.57894736842027, -0.3333333333336, 0
625, 0.52631578947279, -0.33333333333358, 0
626, 0.52631578947295, -0.2777777777781, 0
627, 0.52631578947312, -0.22222222222262, 0
628, 0.57894736842053, -0.22222222222267, 0
629, 0.52631578947325, -0.16666666666715, 0
630, 0.57894736842079, -0.11111111111174, 0
631, 0.52631578947338, -0.11111111111169, 0
632, 0.52631578947354, -0.055555555556204, 0
633, 0.5263157894737, -6.4840494085061e-13, 0
634, 0.57894736842105, -7.1324196548872e-13, 0
635, 0.52631578947383, 0.055555555554907, 0
636, 0.57894736842131, 0.11111111111049, 0
637, 0.52631578947396, 0.11111111111055, 0
638, 0.52631578947412, 0.16666666666618, 0
639, 0.52631578947428, 0.22222222222181, 0
640, 0.57894736842157, 0.22222222222178, 0
641, 0.52631578947441, 0.27777777777745, 0
642, 0.57894736842183, 0.33333333333307, 0
643, 0.52631578947454, 0.3333333333331, 0
644, 0.52631578947471, 0.38888888888873, 0
645, 0.52631578947487, 0.44444444444436, 0
646, 0.57894736842209, 0.44444444444436, 0
647, 0.68421052631501, -0.44444444444455, 0
648, 0.6315789473675, -0.44444444444455, 0
649, 0.63157894736763, -0.38888888888908, 0
650, 0.63157894736776, -0.33333333333362, 0
651, 0.68421052631521, -0.33333333333365, 0
652, 0.63157894736785, -0.27777777777817, 0
653, 0.6842105263154, -0.22222222222275, 0
654, 0.63157894736795, -0.22222222222272, 0
655, 0.63157894736808, -0.16666666666725, 0
656, 0.63157894736821, -0.11111111111178, 0
657, 0.6842105263156, -0.11111111111185, 0
658, 0.63157894736831, -0.055555555556334, 0
659, 0.68421052631579, -8.4295764812836e-13, 0
660, 0.63157894736841, -7.7808592902073e-13, 0
661, 0.63157894736853, 0.055555555554778, 0
662, 0.63157894736866, 0.11111111111042, 0
663, 0.68421052631598, 0.11111111111037, 0
664, 0.63157894736876, 0.16666666666608, 0
665, 0.68421052631618, 0.2222222222217, 0
666, 0.63157894736886, 0.22222222222174, 0
667, 0.63157894736899, 0.27777777777739, 0
668, 0.63157894736912, 0.33333333333303, 0
669, 0.68421052631637, 0.33333333333302, 0
670, 0.63157894736922, 0.38888888888869, 0
671, 0.68421052631657, 0.44444444444434, 0
672, 0.63157894736931, 0.44444444444436, 0
673, 0.73684210526253, -0.44444444444455, 0
674, 0.78947368421001, -0.44444444444457, 0
675, 0.73684210526259, -0.38888888888912, 0
676, 0.78947368421014, -0.3333333333337, 0
677, 0.73684210526266, -0.33333333333368, 0
678, 0.73684210526275, -0.27777777777823, 0
679, 0.73684210526285, -0.22222222222278, 0
680, 0.78947368421027, -0.22222222222283, 0
681, 0.73684210526291, -0.16666666666735, 0
682, 0.7894736842104, -0.11111111111196, 0
683, 0.73684210526298, -0.11111111111191, 0
684, 0.73684210526308, -0.055555555556463, 0
685, 0.73684210526317, -9.0779467276647e-13, 0
686, 0.78947368421053, -9.7262475851068e-13, 0
687, 0.73684210526324, 0.055555555554648, 0
688, 0.78947368421066, 0.11111111111026, 0
689, 0.7368421052633, 0.11111111111032, 0
690, 0.7368421052634, 0.16666666666599, 0
691, 0.7368421052635, 0.22222222222165, 0
692, 0.78947368421079, 0.22222222222161, 0
693, 0.73684210526356, 0.27777777777732, 0
694, 0.78947368421092, 0.33333333333297, 0
695, 0.73684210526363, 0.333333333333, 0
696, 0.73684210526373, 0.38888888888866, 0
697, 0.73684210526382, 0.44444444444432, 0
698, 0.78947368421105, 0.44444444444432, 0
699, 0.894736842105, -0.44444444444458, 0
700, 0.84210526315749, -0.44444444444458, 0
701, 0.84210526315755, -0.38888888888915, 0
702, 0.84210526315762, -0.33333333333371, 0
703, 0.89473684210507, -0.33333333333375, 0
704, 0.84210526315765, -0.2777777777783, 0
705, 0.89473684210513, -0.22222222222291, 0
706, 0.84210526315768, -0.22222222222288, 0
707, 0.84210526315775, -0.16666666666744, 0
708, 0.84210526315781, -0.11111111111201, 0
709, 0.8947368421052, -0.11111111111208, 0
710, 0.84210526315785, -0.055555555556593, 0
711, 0.89473684210526, -1.1023265633625e-12, 0
712, 0.84210526315788, -1.0374825998305e-12, 0
713, 0.84210526315794, 0.055555555554518, 0
714, 0.84210526315801, 0.1111111111102, 0
715, 0.89473684210533, 0.11111111111015, 0
716, 0.84210526315804, 0.16666666666589, 0
717, 0.89473684210539, 0.22222222222153, 0
718, 0.84210526315807, 0.22222222222158, 0
719, 0.84210526315814, 0.27777777777726, 0
720, 0.8421052631582, 0.33333333333294, 0
721, 0.89473684210546, 0.33333333333292, 0
722, 0.84210526315824, 0.38888888888863, 0
723, 0.89473684210552, 0.44444444444431, 0
724, 0.84210526315827, 0.44444444444432, 0
725, 0.94736842105252, -0.44444444444458, 0
726, 0.94736842105252, -0.38888888888918, 0
727, 0.94736842105252, -0.33333333333378, 0
728, 0.94736842105255, -0.27777777777836, 0
729, 0.94736842105258, -0.22222222222294, 0
730, 0.94736842105258, -0.16666666666754, 0
731, 0.94736842105258, -0.11111111111214, 0
732, 0.94736842105262, -0.055555555556723, 0
733, 0.94736842105265, -1.1671566491067e-12, 0
734, 0.94736842105265, 0.055555555554389, 0
735, 0.94736842105265, 0.1111111111101, 0
736, 0.94736842105268, 0.16666666666579, 0
737, 0.94736842105271, 0.22222222222148, 0
738, 0.94736842105271, 0.27777777777719, 0
739, 0.94736842105271, 0.3333333333329, 0
740, 0.94736842105275, 0.3888888888886, 0
741, 0.94736842105278, 0.44444444444429, 0