*Heading
 /Users/mukherjee/Dropbox/Teaching/ME676/Codes/Gmsh_files/Project_mesh/mesh4n_plane
*NODE
1, -1, -0.5, 0
2, 1, -0.5, 0
3, 1, 0.5, 0
4, -1, 0.5, 0
5, -0.89473684210556, -0.5, 0
6, -0.78947368421111, -0.5, 0
7, -0.68421052631667, -0.5, 0
8, -0.57894736842222, -0.5, 0
9, -0.47368421052778, -0.5, 0
10, -0.36842105263333, -0.5, 0
11, -0.26315789473889, -0.5, 0
12, -0.15789473684444, -0.5, 0
13, -0.052631578949994, -0.5, 0
14, 0.052631578944743, -0.5, 0
15, 0.15789473683977, -0.5, 0
16, 0.2631578947348, -0.5, 0
17, 0.36842105262983, -0.5, 0
18, 0.47368421052486, -0.5, 0
19, 0.57894736841989, -0.5, 0
20, 0.68421052631491, -0.5, 0
21, 0.78947368420994, -0.5, 0
22, 0.89473684210497, -0.5, 0
23, 1, -0.3888888888892, 0
24, 1, -0.27777777777839, 0
25, 1, -0.16666666666759, 0
26, 1, -0.055555555556788, 0
27, 1, 0.055555555554324, 0
28, 1, 0.16666666666574, 0
29, 1, 0.27777777777716, 0
30, 1, 0.38888888888858, 0
31, 0.89473684210556, 0.5, 0
32, 0.78947368421111, 0.5, 0
33, 0.68421052631667, 0.5, 0
34, 0.57894736842222, 0.5, 0
35, 0.47368421052778, 0.5, 0
36, 0.36842105263333, 0.5, 0
37, 0.26315789473889, 0.5, 0
38, 0.15789473684444, 0.5, 0
39, 0.052631578949994, 0.5, 0
40, -0.052631578944743, 0.5, 0
41, -0.15789473683977, 0.5, 0
42, -0.2631578947348, 0.5, 0
43, -0.36842105262983, 0.5, 0
44, -0.47368421052486, 0.5, 0
45, -0.57894736841989, 0.5, 0
46, -0.68421052631491, 0.5, 0
47, -0.78947368420994, 0.5, 0
48, -0.89473684210497, 0.5, 0
49, -1, 0.3888888888892, 0
50, -1, 0.27777777777839, 0
51, -1, 0.16666666666759, 0
52, -1, 0.055555555556788, 0
53, -1, -0.055555555554324, 0
54, -1, -0.16666666666574, 0
55, -1, -0.27777777777716, 0
56, -1, -0.38888888888858, 0
57, -0.89473684210549, -0.38888888888861, 0
58, -0.89473684210543, -0.27777777777723, 0
59, -0.89473684210536, -0.16666666666584, 0
60, -0.8947368421053, -0.055555555554453, 0
61, -0.89473684210523, 0.055555555556658, 0
62, -0.89473684210517, 0.16666666666749, 0
63, -0.8947368421051, 0.27777777777833, 0
64, -0.89473684210504, 0.38888888888916, 0
65, -0.78947368421098, -0.38888888888865, 0
66, -0.78947368421085, -0.27777777777729, 0
67, -0.78947368421072, -0.16666666666594, 0
68, -0.78947368421059, -0.055555555554583, 0
69, -0.78947368421046, 0.055555555556528, 0
70, -0.78947368421033, 0.1666666666674, 0
71, -0.7894736842102, 0.27777777777826, 0
72, -0.78947368421007, 0.38888888888913, 0
73, -0.68421052631647, -0.38888888888868, 0
74, -0.68421052631628, -0.27777777777736, 0
75, -0.68421052631608, -0.16666666666603, 0
76, -0.68421052631589, -0.055555555554713, 0
77, -0.68421052631569, 0.055555555556399, 0
78, -0.6842105263155, 0.1666666666673, 0
79, -0.6842105263153, 0.2777777777782, 0
80, -0.68421052631511, 0.3888888888891, 0
81, -0.57894736842196, -0.38888888888871, 0
82, -0.5789473684217, -0.27777777777742, 0
83, -0.57894736842144, -0.16666666666613, 0
84, -0.57894736842118, -0.055555555554842, 0
85, -0.57894736842092, 0.055555555556269, 0
86, -0.57894736842066, 0.1666666666672, 0
87, -0.5789473684204, 0.27777777777813, 0
88, -0.57894736842014, 0.38888888888907, 0
89, -0.47368421052745, -0.38888888888874, 0
90, -0.47368421052713, -0.27777777777749, 0
91, -0.4736842105268, -0.16666666666623, 0
92, -0.47368421052648, -0.055555555554972, 0
93, -0.47368421052615, 0.055555555556139, 0
94, -0.47368421052583, 0.1666666666671, 0
95, -0.47368421052551, 0.27777777777807, 0
96, -0.47368421052518, 0.38888888888903, 0
97, -0.36842105263294, -0.38888888888878, 0
98, -0.36842105263255, -0.27777777777755, 0
99, -0.36842105263216, -0.16666666666633, 0
100, -0.36842105263177, -0.055555555555102, 0
101, -0.36842105263138, 0.05555555555601, 0
102, -0.368421052631, 0.16666666666701, 0
103, -0.36842105263061, 0.277777777778, 0
104, -0.36842105263022, 0.388888888889, 0
105, -0.26315789473843, -0.38888888888881, 0
106, -0.26315789473798, -0.27777777777762, 0
107, -0.26315789473752, -0.16666666666642, 0
108, -0.26315789473707, -0.055555555555231, 0
109, -0.26315789473662, 0.05555555555588, 0
110, -0.26315789473616, 0.16666666666691, 0
111, -0.26315789473571, 0.27777777777794, 0
112, -0.26315789473525, 0.38888888888897, 0
113, -0.15789473684392, -0.38888888888884, 0
114, -0.1578947368434, -0.27777777777768, 0
115, -0.15789473684288, -0.16666666666652, 0
116, -0.15789473684236, -0.055555555555361, 0
117, -0.15789473684185, 0.05555555555575, 0
118, -0.15789473684133, 0.16666666666681, 0
119, -0.15789473684081, 0.27777777777788, 0
120, -0.15789473684029, 0.38888888888894, 0
121, -0.052631578949411, -0.38888888888887, 0
122, -0.052631578948827, -0.27777777777775, 0
123, -0.052631578948244, -0.16666666666662, 0
124, -0.05263157894766, -0.055555555555491, 0
125, -0.052631578947077, 0.055555555555621, 0
126, -0.052631578946493, 0.16666666666672, 0
127, -0.05263157894591, 0.27777777777781, 0
128, -0.052631578945326, 0.38888888888891, 0
129, 0.052631578945326, -0.3888888888889, 0
130, 0.05263157894591, -0.27777777777781, 0
131, 0.052631578946493, -0.16666666666672, 0
132, 0.052631578947077, -0.05555555555562, 0
133, 0.05263157894766, 0.055555555555491, 0
134, 0.052631578948244, 0.16666666666662, 0
135, 0.052631578948827, 0.27777777777775, 0
136, 0.052631578949411, 0.38888888888887, 0
137, 0.15789473684029, -0.38888888888894, 0
138, 0.15789473684081, -0.27777777777788, 0
139, 0.15789473684133, -0.16666666666681, 0
140, 0.15789473684185, -0.05555555555575, 0
141, 0.15789473684236, 0.055555555555361, 0
142, 0.15789473684288, 0.16666666666652, 0
143, 0.1578947368434, 0.27777777777768, 0
144, 0.15789473684392, 0.38888888888884, 0
145, 0.26315789473525, -0.38888888888897, 0
146, 0.26315789473571, -0.27777777777794, 0
147, 0.26315789473616, -0.16666666666691, 0
148, 0.26315789473662, -0.05555555555588, 0
149, 0.26315789473707, 0.055555555555231, 0
150, 0.26315789473752, 0.16666666666642, 0
151, 0.26315789473798, 0.27777777777762, 0
152, 0.26315789473843, 0.38888888888881, 0
153, 0.36842105263022, -0.388888888889, 0
154, 0.36842105263061, -0.277777777778, 0
155, 0.368421052631, -0.16666666666701, 0
156, 0.36842105263138, -0.05555555555601, 0
157, 0.36842105263177, 0.055555555555102, 0
158, 0.36842105263216, 0.16666666666633, 0
159, 0.36842105263255, 0.27777777777755, 0
160, 0.36842105263294, 0.38888888888878, 0
161, 0.47368421052518, -0.38888888888903, 0
162, 0.47368421052551, -0.27777777777807, 0
163, 0.47368421052583, -0.1666666666671, 0
164, 0.47368421052615, -0.055555555556139, 0
165, 0.47368421052648, 0.055555555554972, 0
166, 0.4736842105268, 0.16666666666623, 0
167, 0.47368421052713, 0.27777777777749, 0
168, 0.47368421052745, 0.38888888888874, 0
169, 0.57894736842014, -0.38888888888907, 0
170, 0.5789473684204, -0.27777777777813, 0
171, 0.57894736842066, -0.1666666666672, 0
172, 0.57894736842092, -0.055555555556269, 0
173, 0.57894736842118, 0.055555555554842, 0
174, 0.57894736842144, 0.16666666666613, 0
175, 0.5789473684217, 0.27777777777742, 0
176, 0.57894736842196, 0.38888888888871, 0
177, 0.68421052631511, -0.3888888888891, 0
178, 0.6842105263153, -0.2777777777782, 0
179, 0.6842105263155, -0.1666666666673, 0
180, 0.68421052631569, -0.055555555556399, 0
181, 0.68421052631589, 0.055555555554713, 0
182, 0.68421052631608, 0.16666666666603, 0
183, 0.68421052631628, 0.27777777777736, 0
184, 0.68421052631647, 0.38888888888868, 0
185, 0.78947368421007, -0.38888888888913, 0
186, 0.7894736842102, -0.27777777777826, 0
187, 0.78947368421033, -0.1666666666674, 0
188, 0.78947368421046, -0.055555555556528, 0
189, 0.78947368421059, 0.055555555554583, 0
190, 0.78947368421072, 0.16666666666594, 0
191, 0.78947368421085, 0.27777777777729, 0
192, 0.78947368421098, 0.38888888888865, 0
193, 0.89473684210504, -0.38888888888916, 0
194, 0.8947368421051, -0.27777777777833, 0
195, 0.89473684210517, -0.16666666666749, 0
196, 0.89473684210523, -0.055555555556658, 0
197, 0.8947368421053, 0.055555555554453, 0
198, 0.89473684210536, 0.16666666666584, 0
199, 0.89473684210543, 0.27777777777723, 0
200, 0.89473684210549, 0.38888888888861, 0
******* E L E M E N T S *************
*ELEMENT, type=T3D2, ELSET=Line1
1, 1, 5
2, 5, 6
3, 6, 7
4, 7, 8
5, 8, 9
6, 9, 10
7, 10, 11
8, 11, 12
9, 12, 13
10, 13, 14
11, 14, 15
12, 15, 16
13, 16, 17
14, 17, 18
15, 18, 19
16, 19, 20
17, 20, 21
18, 21, 22
19, 22, 2
*ELEMENT, type=T3D2, ELSET=Line2
20, 2, 23
21, 23, 24
22, 24, 25
23, 25, 26
24, 26, 27
25, 27, 28
26, 28, 29
27, 29, 30
28, 30, 3
*ELEMENT, type=T3D2, ELSET=Line3
29, 3, 31
30, 31, 32
31, 32, 33
32, 33, 34
33, 34, 35
34, 35, 36
35, 36, 37
36, 37, 38
37, 38, 39
38, 39, 40
39, 40, 41
40, 41, 42
41, 42, 43
42, 43, 44
43, 44, 45
44, 45, 46
45, 46, 47
46, 47, 48
47, 48, 4
*ELEMENT, type=T3D2, ELSET=Line4
48, 4, 49
49, 49, 50
50, 50, 51
51, 51, 52
52, 52, 53
53, 53, 54
54, 54, 55
55, 55, 56
56, 56, 1
*ELEMENT, type=CPS4, ELSET=Surface1
57, 1, 5, 57, 56
58, 56, 57, 58, 55
59, 55, 58, 59, 54
60, 54, 59, 60, 53
61, 53, 60, 61, 52
62, 52, 61, 62, 51
63, 51, 62, 63, 50
64, 50, 63, 64, 49
65, 49, 64, 48, 4
66, 5, 6, 65, 57
67, 57, 65, 66, 58
68, 58, 66, 67, 59
69, 59, 67, 68, 60
70, 60, 68, 69, 61
71, 61, 69, 70, 62
72, 62, 70, 71, 63
73, 63, 71, 72, 64
74, 64, 72, 47, 48
75, 6, 7, 73, 65
76, 65, 73, 74, 66
77, 66, 74, 75, 67
78, 67, 75, 76, 68
79, 68, 76, 77, 69
80, 69, 77, 78, 70
81, 70, 78, 79, 71
82, 71, 79, 80, 72
83, 72, 80, 46, 47
84, 7, 8, 81, 73
85, 73, 81, 82, 74
86, 74, 82, 83, 75
87, 75, 83, 84, 76
88, 76, 84, 85, 77
89, 77, 85, 86, 78
90, 78, 86, 87, 79
91, 79, 87, 88, 80
92, 80, 88, 45, 46
93, 8, 9, 89, 81
94, 81, 89, 90, 82
95, 82, 90, 91, 83
96, 83, 91, 92, 84
97, 84, 92, 93, 85
98, 85, 93, 94, 86
99, 86, 94, 95, 87
100, 87, 95, 96, 88
101, 88, 96, 44, 45
102, 9, 10, 97, 89
103, 89, 97, 98, 90
104, 90, 98, 99, 91
105, 91, 99, 100, 92
106, 92, 100, 101, 93
107, 93, 101, 102, 94
108, 94, 102, 103, 95
109, 95, 103, 104, 96
110, 96, 104, 43, 44
111, 10, 11, 105, 97
112, 97, 105, 106, 98
113, 98, 106, 107, 99
114, 99, 107, 108, 100
115, 100, 108, 109, 101
116, 101, 109, 110, 102
117, 102, 110, 111, 103
118, 103, 111, 112, 104
119, 104, 112, 42, 43
120, 11, 12, 113, 105
121, 105, 113, 114, 106
122, 106, 114, 115, 107
123, 107, 115, 116, 108
124, 108, 116, 117, 109
125, 109, 117, 118, 110
126, 110, 118, 119, 111
127, 111, 119, 120, 112
128, 112, 120, 41, 42
129, 12, 13, 121, 113
130, 113, 121, 122, 114
131, 114, 122, 123, 115
132, 115, 123, 124, 116
133, 116, 124, 125, 117
134, 117, 125, 126, 118
135, 118, 126, 127, 119
136, 119, 127, 128, 120
137, 120, 128, 40, 41
138, 13, 14, 129, 121
139, 121, 129, 130, 122
140, 122, 130, 131, 123
141, 123, 131, 132, 124
142, 124, 132, 133, 125
143, 125, 133, 134, 126
144, 126, 134, 135, 127
145, 127, 135, 136, 128
146, 128, 136, 39, 40
147, 14, 15, 137, 129
148, 129, 137, 138, 130
149, 130, 138, 139, 131
150, 131, 139, 140, 132
151, 132, 140, 141, 133
152, 133, 141, 142, 134
153, 134, 142, 143, 135
154, 135, 143, 144, 136
155, 136, 144, 38, 39
156, 15, 16, 145, 137
157, 137, 145, 146, 138
158, 138, 146, 147, 139
159, 139, 147, 148, 140
160, 140, 148, 149, 141
161, 141, 149, 150, 142
162, 142, 150, 151, 143
163, 143, 151, 152, 144
164, 144, 152, 37, 38
165, 16, 17, 153, 145
166, 145, 153, 154, 146
167, 146, 154, 155, 147
168, 147, 155, 156, 148
169, 148, 156, 157, 149
170, 149, 157, 158, 150
171, 150, 158, 159, 151
172, 151, 159, 160, 152
173, 152, 160, 36, 37
174, 17, 18, 161, 153
175, 153, 161, 162, 154
176, 154, 162, 163, 155
177, 155, 163, 164, 156
178, 156, 164, 165, 157
179, 157, 165, 166, 158
180, 158, 166, 167, 159
181, 159, 167, 168, 160
182, 160, 168, 35, 36
183, 18, 19, 169, 161
184, 161, 169, 170, 162
185, 162, 170, 171, 163
186, 163, 171, 172, 164
187, 164, 172, 173, 165
188, 165, 173, 174, 166
189, 166, 174, 175, 167
190, 167, 175, 176, 168
191, 168, 176, 34, 35
192, 19, 20, 177, 169
193, 169, 177, 178, 170
194, 170, 178, 179, 171
195, 171, 179, 180, 172
196, 172, 180, 181, 173
197, 173, 181, 182, 174
198, 174, 182, 183, 175
199, 175, 183, 184, 176
200, 176, 184, 33, 34
201, 20, 21, 185, 177
202, 177, 185, 186, 178
203, 178, 186, 187, 179
204, 179, 187, 188, 180
205, 180, 188, 189, 181
206, 181, 189, 190, 182
207, 182, 190, 191, 183
208, 183, 191, 192, 184
209, 184, 192, 32, 33
210, 21, 22, 193, 185
211, 185, 193, 194, 186
212, 186, 194, 195, 187
213, 187, 195, 196, 188
214, 188, 196, 197, 189
215, 189, 197, 198, 190
216, 190, 198, 199, 191
217, 191, 199, 200, 192
218, 192, 200, 31, 32
219, 22, 2, 23, 193
220, 193, 23, 24, 194
221, 194, 24, 25, 195
222, 195, 25, 26, 196
223, 196, 26, 27, 197
224, 197, 27, 28, 198
225, 198, 28, 29, 199
226, 199, 29, 30, 200
227, 200, 30, 3, 31
*ELSET,ELSET=PhysicalLine1
1, 2, 3, 4, 5, 6, 7, 8, 9, 10, 
11, 12, 13, 14, 15, 16, 17, 18, 19, 
*ELSET,ELSET=PhysicalLine2
20, 21, 22, 23, 24, 25, 26, 27, 28, 
*ELSET,ELSET=PhysicalLine3
29, 30, 31, 32, 33, 34, 35, 36, 37, 38, 
39, 40, 41, 42, 43, 44, 45, 46, 47, 
*ELSET,ELSET=PhysicalLine4
48, 49, 50, 51, 52, 53, 54, 55, 56, 
*ELSET,ELSET=PhysicalSurface6
57, 58, 59, 60, 61, 62, 63, 64, 65, 66, 
67, 68, 69, 70, 71, 72, 73, 74, 75, 76, 
77, 78, 79, 80, 81, 82, 83, 84, 85, 86, 
87, 88, 89, 90, 91, 92, 93, 94, 95, 96, 
97, 98, 99, 100, 101, 102, 103, 104, 105, 106, 
107, 108, 109, 110, 111, 112, 113, 114, 115, 116, 
117, 118, 119, 120, 121, 122, 123, 124, 125, 126, 
127, 128, 129, 130, 131, 132, 133, 134, 135, 136, 
137, 138, 139, 140, 141, 142, 143, 144, 145, 146, 
147, 148, 149, 150, 151, 152, 153, 154, 155, 156, 
157, 158, 159, 160, 161, 162, 163, 164, 165, 166, 
167, 168, 169, 170, 171, 172, 173, 174, 175, 176, 
177, 178, 179, 180, 181, 182, 183, 184, 185, 186, 
187, 188, 189, 190, 191, 192, 193, 194, 195, 196, 
197, 198, 199, 200, 201, 202, 203, 204, 205, 206, 
207, 208, 209, 210, 211, 212, 213, 214, 215, 216, 
217, 218, 219, 220, 221, 222, 223, 224, 225, 226, 
227, 
*NSET,NSET=PhysicalLine1
1, 2, 5, 6, 7, 8, 9, 10, 11, 12, 
13, 14, 15, 16, 17, 18, 19, 20, 21, 22, 
*NSET,NSET=PhysicalLine2
2, 3, 23, 24, 25, 26, 27, 28, 29, 30, 
*NSET,NSET=PhysicalLine3
3, 4, 31, 32, 33, 34, 35, 36, 37, 38, 
39, 40, 41, 42, 43, 44, 45, 46, 47, 48, 
*NSET,NSET=PhysicalLine4
1, 4, 49, 50, 51, 52, 53, 54, 55, 56, 
*NSET,NSET=PhysicalSurface6
1, 2, 3, 4, 5, 6, 7, 8, 9, 10, 
11, 12, 13, 14, 15, 16, 17, 18, 19, 20, 
21, 22, 23, 24, 25, 26, 27, 28, 29, 30, 
31, 32, 33, 34, 35, 36, 37, 38, 39, 40, 
41, 42, 43, 44, 45, 46, 47, 48, 49, 50, 
51, 52, 53, 54, 55, 56, 57, 58, 59, 60, 
61, 62, 63, 64, 65, 66, 67, 68, 69, 70, 
71, 72, 73, 74, 75, 76, 77, 78, 79, 80, 
81, 82, 83, 84, 85, 86, 87, 88, 89, 90, 
91, 92, 93, 94, 95, 96, 97, 98, 99, 100, 
101, 102, 103, 104, 105, 106, 107, 108, 109, 110, 
111, 112, 113, 114, 115, 116, 117, 118, 119, 120, 
121, 122, 123, 124, 125, 126, 127, 128, 129, 130, 
131, 132, 133, 134, 135, 136, 137, 138, 139, 140, 
141, 142, 143, 144, 145, 146, 147, 148, 149, 150, 
151, 152, 153, 154, 155, 156, 157, 158, 159, 160, 
161, 162, 163, 164, 165, 166, 167, 168, 169, 170, 
171, 172, 173, 174, 175, 176, 177, 178, 179, 180, 
181, 182, 183, 184, 185, 186, 187, 188, 189, 190, 
191, 192, 193, 194, 195, 196, 197, 198, 199, 200, 
