1, -1, -0.5, 0
2, 1, -0.5, 0
3, 1, 0.5, 0
4, -1, 0.5, 0
5, -0.89473684210556, -0.5, 0
6, -0.78947368421111, -0.5, 0
7, -0.68421052631667, -0.5, 0
8, -0.57894736842222, -0.5, 0
9, -0.47368421052778, -0.5, 0
10, -0.36842105263333, -0.5, 0
11, -0.26315789473889, -0.5, 0
12, -0.15789473684444, -0.5, 0
13, -0.052631578949994, -0.5, 0
14, 0.052631578944743, -0.5, 0
15, 0.15789473683977, -0.5, 0
16, 0.2631578947348, -0.5, 0
17, 0.36842105262983, -0.5, 0
18, 0.47368421052486, -0.5, 0
19, 0.57894736841989, -0.5, 0
20, 0.68421052631491, -0.5, 0
21, 0.78947368420994, -0.5, 0
22, 0.89473684210497, -0.5, 0
23, 1, -0.3888888888892, 0
24, 1, -0.27777777777839, 0
25, 1, -0.16666666666759, 0
26, 1, -0.055555555556788, 0
27, 1, 0.055555555554324, 0
28, 1, 0.16666666666574, 0
29, 1, 0.27777777777716, 0
30, 1, 0.38888888888858, 0
31, 0.89473684210556, 0.5, 0
32, 0.78947368421111, 0.5, 0
33, 0.68421052631667, 0.5, 0
34, 0.57894736842222, 0.5, 0
35, 0.47368421052778, 0.5, 0
36, 0.36842105263333, 0.5, 0
37, 0.26315789473889, 0.5, 0
38, 0.15789473684444, 0.5, 0
39, 0.052631578949994, 0.5, 0
40, -0.052631578944743, 0.5, 0
41, -0.15789473683977, 0.5, 0
42, -0.2631578947348, 0.5, 0
43, -0.36842105262983, 0.5, 0
44, -0.47368421052486, 0.5, 0
45, -0.57894736841989, 0.5, 0
46, -0.68421052631491, 0.5, 0
47, -0.78947368420994, 0.5, 0
48, -0.89473684210497, 0.5, 0
49, -1, 0.3888888888892, 0
50, -1, 0.27777777777839, 0
51, -1, 0.16666666666759, 0
52, -1, 0.055555555556788, 0
53, -1, -0.055555555554324, 0
54, -1, -0.16666666666574, 0
55, -1, -0.27777777777716, 0
56, -1, -0.38888888888858, 0
57, -0.89473684210549, -0.38888888888861, 0
58, -0.89473684210543, -0.27777777777723, 0
59, -0.89473684210536, -0.16666666666584, 0
60, -0.8947368421053, -0.055555555554453, 0
61, -0.89473684210523, 0.055555555556658, 0
62, -0.89473684210517, 0.16666666666749, 0
63, -0.8947368421051, 0.27777777777833, 0
64, -0.89473684210504, 0.38888888888916, 0
65, -0.78947368421098, -0.38888888888865, 0
66, -0.78947368421085, -0.27777777777729, 0
67, -0.78947368421072, -0.16666666666594, 0
68, -0.78947368421059, -0.055555555554583, 0
69, -0.78947368421046, 0.055555555556528, 0
70, -0.78947368421033, 0.1666666666674, 0
71, -0.7894736842102, 0.27777777777826, 0
72, -0.78947368421007, 0.38888888888913, 0
73, -0.68421052631647, -0.38888888888868, 0
74, -0.68421052631628, -0.27777777777736, 0
75, -0.68421052631608, -0.16666666666603, 0
76, -0.68421052631589, -0.055555555554713, 0
77, -0.68421052631569, 0.055555555556399, 0
78, -0.6842105263155, 0.1666666666673, 0
79, -0.6842105263153, 0.2777777777782, 0
80, -0.68421052631511, 0.3888888888891, 0
81, -0.57894736842196, -0.38888888888871, 0
82, -0.5789473684217, -0.27777777777742, 0
83, -0.57894736842144, -0.16666666666613, 0
84, -0.57894736842118, -0.055555555554842, 0
85, -0.57894736842092, 0.055555555556269, 0
86, -0.57894736842066, 0.1666666666672, 0
87, -0.5789473684204, 0.27777777777813, 0
88, -0.57894736842014, 0.38888888888907, 0
89, -0.47368421052745, -0.38888888888874, 0
90, -0.47368421052713, -0.27777777777749, 0
91, -0.4736842105268, -0.16666666666623, 0
92, -0.47368421052648, -0.055555555554972, 0
93, -0.47368421052615, 0.055555555556139, 0
94, -0.47368421052583, 0.1666666666671, 0
95, -0.47368421052551, 0.27777777777807, 0
96, -0.47368421052518, 0.38888888888903, 0
97, -0.36842105263294, -0.38888888888878, 0
98, -0.36842105263255, -0.27777777777755, 0
99, -0.36842105263216, -0.16666666666633, 0
100, -0.36842105263177, -0.055555555555102, 0
101, -0.36842105263138, 0.05555555555601, 0
102, -0.368421052631, 0.16666666666701, 0
103, -0.36842105263061, 0.277777777778, 0
104, -0.36842105263022, 0.388888888889, 0
105, -0.26315789473843, -0.38888888888881, 0
106, -0.26315789473798, -0.27777777777762, 0
107, -0.26315789473752, -0.16666666666642, 0
108, -0.26315789473707, -0.055555555555231, 0
109, -0.26315789473662, 0.05555555555588, 0
110, -0.26315789473616, 0.16666666666691, 0
111, -0.26315789473571, 0.27777777777794, 0
112, -0.26315789473525, 0.38888888888897, 0
113, -0.15789473684392, -0.38888888888884, 0
114, -0.1578947368434, -0.27777777777768, 0
115, -0.15789473684288, -0.16666666666652, 0
116, -0.15789473684236, -0.055555555555361, 0
117, -0.15789473684185, 0.05555555555575, 0
118, -0.15789473684133, 0.16666666666681, 0
119, -0.15789473684081, 0.27777777777788, 0
120, -0.15789473684029, 0.38888888888894, 0
121, -0.052631578949411, -0.38888888888887, 0
122, -0.052631578948827, -0.27777777777775, 0
123, -0.052631578948244, -0.16666666666662, 0
124, -0.05263157894766, -0.055555555555491, 0
125, -0.052631578947077, 0.055555555555621, 0
126, -0.052631578946493, 0.16666666666672, 0
127, -0.05263157894591, 0.27777777777781, 0
128, -0.052631578945326, 0.38888888888891, 0
129, 0.052631578945326, -0.3888888888889, 0
130, 0.05263157894591, -0.27777777777781, 0
131, 0.052631578946493, -0.16666666666672, 0
132, 0.052631578947077, -0.05555555555562, 0
133, 0.05263157894766, 0.055555555555491, 0
134, 0.052631578948244, 0.16666666666662, 0
135, 0.052631578948827, 0.27777777777775, 0
136, 0.052631578949411, 0.38888888888887, 0
137, 0.15789473684029, -0.38888888888894, 0
138, 0.15789473684081, -0.27777777777788, 0
139, 0.15789473684133, -0.16666666666681, 0
140, 0.15789473684185, -0.05555555555575, 0
141, 0.15789473684236, 0.055555555555361, 0
142, 0.15789473684288, 0.16666666666652, 0
143, 0.1578947368434, 0.27777777777768, 0
144, 0.15789473684392, 0.38888888888884, 0
145, 0.26315789473525, -0.38888888888897, 0
146, 0.26315789473571, -0.27777777777794, 0
147, 0.26315789473616, -0.16666666666691, 0
148, 0.26315789473662, -0.05555555555588, 0
149, 0.26315789473707, 0.055555555555231, 0
150, 0.26315789473752, 0.16666666666642, 0
151, 0.26315789473798, 0.27777777777762, 0
152, 0.26315789473843, 0.38888888888881, 0
153, 0.36842105263022, -0.388888888889, 0
154, 0.36842105263061, -0.277777777778, 0
155, 0.368421052631, -0.16666666666701, 0
156, 0.36842105263138, -0.05555555555601, 0
157, 0.36842105263177, 0.055555555555102, 0
158, 0.36842105263216, 0.16666666666633, 0
159, 0.36842105263255, 0.27777777777755, 0
160, 0.36842105263294, 0.38888888888878, 0
161, 0.47368421052518, -0.38888888888903, 0
162, 0.47368421052551, -0.27777777777807, 0
163, 0.47368421052583, -0.1666666666671, 0
164, 0.47368421052615, -0.055555555556139, 0
165, 0.47368421052648, 0.055555555554972, 0
166, 0.4736842105268, 0.16666666666623, 0
167, 0.47368421052713, 0.27777777777749, 0
168, 0.47368421052745, 0.38888888888874, 0
169, 0.57894736842014, -0.38888888888907, 0
170, 0.5789473684204, -0.27777777777813, 0
171, 0.57894736842066, -0.1666666666672, 0
172, 0.57894736842092, -0.055555555556269, 0
173, 0.57894736842118, 0.055555555554842, 0
174, 0.57894736842144, 0.16666666666613, 0
175, 0.5789473684217, 0.27777777777742, 0
176, 0.57894736842196, 0.38888888888871, 0
177, 0.68421052631511, -0.3888888888891, 0
178, 0.6842105263153, -0.2777777777782, 0
179, 0.6842105263155, -0.1666666666673, 0
180, 0.68421052631569, -0.055555555556399, 0
181, 0.68421052631589, 0.055555555554713, 0
182, 0.68421052631608, 0.16666666666603, 0
183, 0.68421052631628, 0.27777777777736, 0
184, 0.68421052631647, 0.38888888888868, 0
185, 0.78947368421007, -0.38888888888913, 0
186, 0.7894736842102, -0.27777777777826, 0
187, 0.78947368421033, -0.1666666666674, 0
188, 0.78947368421046, -0.055555555556528, 0
189, 0.78947368421059, 0.055555555554583, 0
190, 0.78947368421072, 0.16666666666594, 0
191, 0.78947368421085, 0.27777777777729, 0
192, 0.78947368421098, 0.38888888888865, 0
193, 0.89473684210504, -0.38888888888916, 0
194, 0.8947368421051, -0.27777777777833, 0
195, 0.89473684210517, -0.16666666666749, 0
196, 0.89473684210523, -0.055555555556658, 0
197, 0.8947368421053, 0.055555555554453, 0
198, 0.89473684210536, 0.16666666666584, 0
199, 0.89473684210543, 0.27777777777723, 0
200, 0.89473684210549, 0.38888888888861, 0